cell_idx,cell_type,gene,cosine_distance,p_value,null_mean,gene_in_cell,n_tokens
0,pvalb GABAergic cortical interneuron,NLGN1,0.00066691637,0.5098039215686274,0.00089903356,True,2048
0,pvalb GABAergic cortical interneuron,NEGR1,0.0019062757,0.1372549019607843,0.0009098792,True,2048
0,pvalb GABAergic cortical interneuron,TCF4,0.0018154383,0.0980392156862745,0.0034910475,True,2048
0,pvalb GABAergic cortical interneuron,MEF2C,0.0014314055,0.196078431372549,0.000904603,True,2048
0,pvalb GABAergic cortical interneuron,GRIN2A,0.00045019388,0.6274509803921569,0.00086781144,True,2048
0,pvalb GABAergic cortical interneuron,GRIN2B,0.0014006495,0.2941176470588235,0.0009131169,True,2048
0,pvalb GABAergic cortical interneuron,MAPT,0.0004900098,0.5882352941176471,0.0009381056,True,2048
0,pvalb GABAergic cortical interneuron,SCN1A,0.0003119707,0.9215686274509804,0.0038705624,True,2048
0,pvalb GABAergic cortical interneuron,HOMER1,0.0019221306,0.0980392156862745,0.0007700515,True,2048
0,pvalb GABAergic cortical interneuron,CREB1,0.0001000762,0.9803921568627452,0.00091773155,True,2048
0,pvalb GABAergic cortical interneuron,SYN1,0.0011886358,0.2745098039215686,0.00081092236,True,2048
1,glutamatergic neuron,CADM2,0.057777226,0.803921568627451,0.05955964,True,2048
1,glutamatergic neuron,NRXN1,0.058432102,0.8235294117647058,0.058466148,True,2048
1,glutamatergic neuron,NLGN1,0.060474932,0.4509803921568627,0.058983162,True,2048
1,glutamatergic neuron,NEGR1,0.060748875,0.3725490196078431,0.058245495,True,2048
1,glutamatergic neuron,TCF4,0.060421884,0.5294117647058824,0.060449854,True,2048
1,glutamatergic neuron,MEF2C,0.063046455,0.0784313725490196,0.058454685,True,2048
1,glutamatergic neuron,APP,0.058343768,0.7450980392156863,0.058640823,True,2048
1,glutamatergic neuron,GRIN2A,0.06069386,0.5294117647058824,0.060300816,True,2048
1,glutamatergic neuron,GRIN2B,0.057941496,0.803921568627451,0.05961982,True,2048
1,glutamatergic neuron,MAPT,0.06017822,0.4901960784313725,0.058686696,True,2048
1,glutamatergic neuron,SCN1A,0.05925286,0.6470588235294118,0.058254145,True,2048
1,glutamatergic neuron,FOXO3,0.061009586,0.3137254901960784,0.05836983,True,2048
1,glutamatergic neuron,CAMK2A,0.06071776,0.4509803921568627,0.0600982,True,2048
1,glutamatergic neuron,HOMER1,0.06255239,0.0980392156862745,0.059267674,True,2048
1,glutamatergic neuron,SHANK3,0.061812997,0.2156862745098039,0.05921596,True,2048
1,glutamatergic neuron,BDNF,0.059861124,0.6274509803921569,0.059787177,True,2048
2,microglial cell,TCF4,0.00020051003,0.9215686274509804,0.00072017906,True,2048
2,microglial cell,MEF2C,0.0016242862,0.0196078431372549,0.0006981599,True,2048
2,microglial cell,DISC1,0.00090259314,0.196078431372549,0.00069141865,True,2048
2,microglial cell,FOXO3,0.00033473969,0.8823529411764706,0.0007637084,True,2048
2,microglial cell,CREB1,0.0005238056,0.6862745098039216,0.0028930937,True,2048
3,oligodendrocyte,CADM2,0.0013363361,0.5098039215686274,0.0026107419,True,2048
3,oligodendrocyte,NLGN1,0.0002116561,0.803921568627451,0.0017526257,True,2048
3,oligodendrocyte,TCF4,0.0055907965,0.0196078431372549,0.0015496612,True,2048
3,oligodendrocyte,APP,0.0038378835,0.3725490196078431,0.002418642,True,2048
3,oligodendrocyte,MAPT,0.0039099455,0.3137254901960784,0.0023094083,True,2048
3,oligodendrocyte,FOXO3,0.0011852384,0.3333333333333333,0.0014099157,True,2048
4,glutamatergic neuron,CADM2,0.0013192892,0.7843137254901961,0.0030739235,True,2048
4,glutamatergic neuron,NRXN1,0.0026543736,0.5098039215686274,0.0026533795,True,2048
4,glutamatergic neuron,NLGN1,0.004098892,0.1568627450980392,0.002521025,True,2048
4,glutamatergic neuron,NEGR1,0.002481997,0.4705882352941176,0.0025952947,True,2048
4,glutamatergic neuron,TCF4,0.002406776,0.5686274509803921,0.0028348041,True,2048
4,glutamatergic neuron,MEF2C,0.002440691,0.5686274509803921,0.0028166675,True,2048
4,glutamatergic neuron,APP,0.002592206,0.5686274509803921,0.0030332112,True,2048
4,glutamatergic neuron,GRIN2A,0.0028765798,0.3529411764705882,0.0026851583,True,2048
4,glutamatergic neuron,MAPT,0.0029947162,0.3333333333333333,0.0027748453,True,2048
4,glutamatergic neuron,SCN1A,0.0030807257,0.3333333333333333,0.002840284,True,2048
4,glutamatergic neuron,FOXO3,0.0032564998,0.196078431372549,0.0024147022,True,2048
4,glutamatergic neuron,CAMK2A,0.0024726987,0.4705882352941176,0.0026007688,True,2048
4,glutamatergic neuron,HOMER1,0.0025827289,0.4705882352941176,0.0025795924,True,2048
4,glutamatergic neuron,SHANK3,0.0019231439,0.6666666666666666,0.0026563942,True,2048
4,glutamatergic neuron,SYN1,0.006393969,0.0588235294117647,0.0027817201,True,2048
4,glutamatergic neuron,BDNF,0.00078988075,1.0,0.0022453463,True,2048
5,oligodendrocyte,CADM2,0.000669837,0.5098039215686274,0.0008617628,True,1826
5,oligodendrocyte,NLGN1,0.00061023235,0.6078431372549019,0.0011522472,True,1826
5,oligodendrocyte,TCF4,0.00062805414,0.5882352941176471,0.003130933,True,1826
5,oligodendrocyte,APP,0.00072586536,0.5490196078431373,0.0009553945,True,1826
5,oligodendrocyte,MAPT,0.0008380413,0.392156862745098,0.0010062873,True,1826
5,oligodendrocyte,FOXO3,0.000413239,0.8431372549019608,0.0011358798,True,1826
6,astrocyte,CADM2,0.0011951923,0.5882352941176471,0.00231089,True,2048
6,astrocyte,NRXN1,0.0038251877,0.2156862745098039,0.004843974,True,2048
6,astrocyte,TCF4,0.0009772778,0.6666666666666666,0.002331859,True,2048
6,astrocyte,MEF2C,0.0009301305,0.8431372549019608,0.002389872,True,2048
6,astrocyte,MAPT,0.0007340312,0.9411764705882352,0.00230788,True,2048
6,astrocyte,CREB1,0.0034615397,0.4705882352941176,0.00268942,True,2048
6,astrocyte,SHANK3,0.001629293,0.5686274509803921,0.0025204848,True,2048
6,astrocyte,FMR1,0.0013690591,0.6078431372549019,0.0024133802,True,2048
7,oligodendrocyte,CADM2,0.022645175,0.6078431372549019,0.02232381,True,993
7,oligodendrocyte,NLGN1,4.6372414e-05,1.0,0.022018243,True,993
7,oligodendrocyte,APP,0.02903384,0.0784313725490196,0.020216975,True,993
7,oligodendrocyte,MAPT,0.025136888,0.3333333333333333,0.020401435,True,993
7,oligodendrocyte,DISC1,0.0021963716,0.9215686274509804,0.018634746,True,993
8,oligodendrocyte,CADM2,0.027647018,0.1764705882352941,0.02344731,True,2048
8,oligodendrocyte,NLGN1,0.028829575,0.0392156862745098,0.02341423,True,2048
8,oligodendrocyte,TCF4,0.025034606,0.7058823529411765,0.022117844,True,2048
8,oligodendrocyte,APP,0.0281291,0.1568627450980392,0.022557113,True,2048
8,oligodendrocyte,GRIN2A,0.026199698,0.3725490196078431,0.020478902,True,2048
8,oligodendrocyte,MAPT,0.025901675,0.3529411764705882,0.01974372,True,2048
8,oligodendrocyte,SHANK3,0.0252437,0.5882352941176471,0.02310252,True,2048
8,oligodendrocyte,FMR1,0.024099052,0.7647058823529411,0.02219664,True,2048
9,GABAergic interneuron,CADM2,0.0004210472,0.6666666666666666,0.0014605952,True,2048
9,GABAergic interneuron,NRXN1,0.000116705894,0.9803921568627452,0.00216177,True,2048
9,GABAergic interneuron,NLGN1,0.002218008,0.2941176470588235,0.0035342348,True,2048
9,GABAergic interneuron,NEGR1,0.0005609989,0.7450980392156863,0.0021558178,True,2048
9,GABAergic interneuron,TCF4,0.002303183,0.2941176470588235,0.0021757758,True,2048
9,GABAergic interneuron,MEF2C,0.0026069283,0.196078431372549,0.0024062265,True,2048
9,GABAergic interneuron,APP,0.0035568476,0.0980392156862745,0.0018785584,True,2048
9,GABAergic interneuron,GRIN2B,0.0009019375,0.5490196078431373,0.0023677528,True,2048
9,GABAergic interneuron,MAPT,0.00068867207,0.6470588235294118,0.001965499,True,2048
9,GABAergic interneuron,FMR1,0.00017440319,0.9019607843137256,0.0016113198,True,2048
10,oligodendrocyte,CADM2,0.05819267,0.2549019607843137,0.036839806,True,2048
10,oligodendrocyte,NLGN1,0.017628193,0.8431372549019608,0.035510942,True,2048
10,oligodendrocyte,APP,0.067798376,0.0196078431372549,0.030459328,True,2048
10,oligodendrocyte,MAPT,0.061834693,0.1372549019607843,0.037587903,True,2048
11,astrocyte,CADM2,0.0056056976,0.3529411764705882,0.0053978837,True,2048
11,astrocyte,NRXN1,0.0062431097,0.2745098039215686,0.0054076123,True,2048
11,astrocyte,TCF4,0.005037427,0.6666666666666666,0.0052530146,True,2048
11,astrocyte,MAPT,0.0058831573,0.2156862745098039,0.0050832997,True,2048
11,astrocyte,FOXO3,0.005503416,0.4901960784313725,0.0054284716,True,2048
11,astrocyte,FMR1,0.0048964024,0.7058823529411765,0.005820712,True,2048
12,pvalb GABAergic cortical interneuron,NEGR1,0.056649864,0.4313725490196078,0.03880884,True,2048
12,pvalb GABAergic cortical interneuron,TCF4,0.06564438,0.2745098039215686,0.0411362,True,2048
12,pvalb GABAergic cortical interneuron,MEF2C,0.06889331,0.1764705882352941,0.03572965,True,2048
12,pvalb GABAergic cortical interneuron,APP,0.06630415,0.2941176470588235,0.04055168,True,2048
12,pvalb GABAergic cortical interneuron,MAPT,0.0015894771,0.7450980392156863,0.039608005,True,2048
12,pvalb GABAergic cortical interneuron,SCN1A,0.06751418,0.2941176470588235,0.03996397,True,2048
12,pvalb GABAergic cortical interneuron,FMR1,0.0012381077,0.9803921568627452,0.04110738,True,2048
13,glutamatergic neuron,CADM2,0.0021555424,0.2549019607843137,0.0019061923,True,2048
13,glutamatergic neuron,NRXN1,0.0018300414,0.4313725490196078,0.0017180968,True,2048
13,glutamatergic neuron,NLGN1,0.0020272732,0.1176470588235294,0.0013951075,True,2048
13,glutamatergic neuron,NEGR1,0.0032998323,0.0392156862745098,0.001715995,True,2048
13,glutamatergic neuron,TCF4,0.001989305,0.4509803921568627,0.0018590307,True,2048
13,glutamatergic neuron,MEF2C,0.0030534267,0.0980392156862745,0.0014945221,True,2048
13,glutamatergic neuron,APP,0.0017082095,0.6862745098039216,0.0018489588,True,2048
13,glutamatergic neuron,GRIN2A,0.0034305453,0.0196078431372549,0.0015937149,True,2048
13,glutamatergic neuron,GRIN2B,0.0010685325,0.5686274509803921,0.001544143,True,2048
13,glutamatergic neuron,MAPT,0.0020505786,0.2352941176470588,0.0016637779,True,2048
13,glutamatergic neuron,FOXO3,0.0010278225,0.7058823529411765,0.0018385899,True,2048
13,glutamatergic neuron,CAMK2A,0.0033442974,0.0588235294117647,0.0018612265,True,2048
13,glutamatergic neuron,HOMER1,0.0034273863,0.0196078431372549,0.0015504229,True,2048
13,glutamatergic neuron,CREB1,0.0007211566,0.9607843137254902,0.0016099453,True,2048
13,glutamatergic neuron,BDNF,0.00086700916,0.803921568627451,0.0015946365,True,2048
14,oligodendrocyte,CADM2,0.0031951666,0.1764705882352941,0.0018958783,True,2048
14,oligodendrocyte,NLGN1,0.0032343864,0.1568627450980392,0.00208964,True,2048
14,oligodendrocyte,TCF4,0.0015490055,0.6274509803921569,0.0018043935,True,2048
14,oligodendrocyte,APP,0.0041698217,0.0196078431372549,0.0018056845,True,2048
14,oligodendrocyte,MAPT,0.0019014478,0.5294117647058824,0.0019529439,True,2048
14,oligodendrocyte,FOXO3,0.0019450784,0.6274509803921569,0.0021939576,True,2048
15,glutamatergic neuron,CADM2,0.00091797113,0.3725490196078431,0.0019327354,True,2048
15,glutamatergic neuron,NRXN1,0.00091433525,0.2352941176470588,0.00064205885,True,2048
15,glutamatergic neuron,NLGN1,0.00058299303,0.5686274509803921,0.00082567334,True,2048
15,glutamatergic neuron,NEGR1,0.0017498136,0.0784313725490196,0.0007196188,True,2048
15,glutamatergic neuron,TCF4,0.000105559826,0.9215686274509804,0.00060756685,True,2048
15,glutamatergic neuron,MEF2C,0.0015608072,0.0980392156862745,0.00077483774,True,2048
15,glutamatergic neuron,APP,0.00089889765,0.3137254901960784,0.000591774,True,2048
15,glutamatergic neuron,GRIN2A,0.0018671155,0.0588235294117647,0.0006996202,True,2048
15,glutamatergic neuron,GRIN2B,0.0009795427,0.0784313725490196,0.00057073834,True,2048
15,glutamatergic neuron,MAPT,0.00066435337,0.4509803921568627,0.000692445,True,2048
15,glutamatergic neuron,SCN1A,0.0004541278,0.6862745098039216,0.0006771028,True,2048
15,glutamatergic neuron,CAMK2A,0.0007285476,0.3137254901960784,0.0006172848,True,2048
15,glutamatergic neuron,HOMER1,0.0008649826,0.3333333333333333,0.0006600821,True,2048
16,oligodendrocyte,CADM2,0.031419516,0.6274509803921569,0.03380557,True,1656
16,oligodendrocyte,NLGN1,0.03807479,0.4117647058823529,0.028890267,True,1656
16,oligodendrocyte,TCF4,0.00090014935,0.7843137254901961,0.032056816,True,1656
16,oligodendrocyte,APP,0.027646184,0.4509803921568627,0.025445165,True,1656
16,oligodendrocyte,MAPT,0.06191826,0.0392156862745098,0.031919785,True,1656
16,oligodendrocyte,DISC1,0.00031125546,0.8823529411764706,0.027585058,True,1656
16,oligodendrocyte,FOXO3,0.0007849932,0.7843137254901961,0.031085191,True,1656
16,oligodendrocyte,COMT,0.0011200905,0.803921568627451,0.03381039,True,1656
16,oligodendrocyte,SHANK3,0.048893392,0.3137254901960784,0.029587014,True,1656
17,astrocyte,CADM2,0.0035313964,0.6470588235294118,0.008625331,True,2048
17,astrocyte,NRXN1,0.02871573,0.1176470588235294,0.010966283,True,2048
17,astrocyte,TCF4,0.017630756,0.196078431372549,0.012149342,True,2048
17,astrocyte,HOMER1,0.0010610819,0.9607843137254902,0.011518874,True,2048
17,astrocyte,CREB1,0.0016735792,0.7254901960784313,0.00944334,True,2048
17,astrocyte,FMR1,0.00925535,0.5490196078431373,0.012254257,True,2048
18,oligodendrocyte,CADM2,0.035984993,0.0784313725490196,0.017125553,True,2048
18,oligodendrocyte,NLGN1,0.023328066,0.4117647058823529,0.01845305,True,2048
18,oligodendrocyte,TCF4,0.0070605874,0.8823529411764706,0.021398535,True,2048
18,oligodendrocyte,APP,0.02768904,0.3137254901960784,0.021083763,True,2048
18,oligodendrocyte,MAPT,0.016433477,0.5294117647058824,0.017604245,True,2048
18,oligodendrocyte,DISC1,0.027672172,0.2549019607843137,0.018823106,True,2048
18,oligodendrocyte,FOXO3,0.009407103,0.6274509803921569,0.017967077,True,2048
18,oligodendrocyte,CREB1,0.023622096,0.4901960784313725,0.01997482,True,2048
18,oligodendrocyte,COMT,0.010147095,0.7058823529411765,0.019871993,True,2048
19,oligodendrocyte precursor cell,CADM2,0.0023907423,0.0392156862745098,0.00088808057,True,2048
19,oligodendrocyte precursor cell,NRXN1,0.0013321638,0.4117647058823529,0.001058402,True,2048
19,oligodendrocyte precursor cell,NLGN1,0.00229913,0.0588235294117647,0.0010786093,True,2048
19,oligodendrocyte precursor cell,APP,0.0027301311,0.0196078431372549,0.001026237,True,2048
19,oligodendrocyte precursor cell,SCN1A,0.001653254,0.1372549019607843,0.00087616564,True,2048
19,oligodendrocyte precursor cell,DISC1,0.0023397803,0.0784313725490196,0.0010319937,True,2048
19,oligodendrocyte precursor cell,CREB1,0.0014837384,0.3333333333333333,0.0010264921,True,2048
20,GABAergic interneuron,CADM2,0.0005016327,0.9215686274509804,0.0014102971,True,2048
20,GABAergic interneuron,NRXN1,0.001221776,0.5490196078431373,0.004100752,True,2048
20,GABAergic interneuron,NLGN1,0.002267599,0.196078431372549,0.0015341819,True,2048
20,GABAergic interneuron,NEGR1,0.0020951033,0.2549019607843137,0.0015250039,True,2048
20,GABAergic interneuron,TCF4,0.0018125772,0.3333333333333333,0.0014953172,True,2048
20,GABAergic interneuron,APP,0.00076699257,0.8823529411764706,0.0014335656,True,2048
20,GABAergic interneuron,GRIN2A,0.0007349849,0.7647058823529411,0.0012672532,True,2048
20,GABAergic interneuron,GRIN2B,0.0025786161,0.1176470588235294,0.0014476919,True,2048
20,GABAergic interneuron,FOXO3,0.0012577772,0.5882352941176471,0.0040456476,True,2048
20,GABAergic interneuron,CAMK2A,0.0019581318,0.2745098039215686,0.0013965464,True,2048
20,GABAergic interneuron,CREB1,0.00061804056,0.803921568627451,0.0013319671,True,2048
21,oligodendrocyte,CADM2,0.0014052391,0.0588235294117647,0.00065093994,True,2048
21,oligodendrocyte,NLGN1,0.00064110756,0.392156862745098,0.00078196166,True,2048
21,oligodendrocyte,TCF4,0.0005838275,0.3529411764705882,0.0006013656,True,2048
21,oligodendrocyte,APP,0.0013087392,0.0588235294117647,0.00058442,True,2048
21,oligodendrocyte,MAPT,0.0002734065,0.8431372549019608,0.0007659554,True,2048
21,oligodendrocyte,CREB1,6.890297e-05,1.0,0.00069970486,True,2048
21,oligodendrocyte,SHANK3,0.00048553944,0.5098039215686274,0.0006422341,True,2048
21,oligodendrocyte,SYN1,0.0003286004,0.5490196078431373,0.0006385136,True,2048
22,oligodendrocyte,CADM2,8.660555e-05,0.9411764705882352,0.0018716227,True,956
22,oligodendrocyte,NLGN1,0.001461029,0.3137254901960784,0.001489637,True,956
22,oligodendrocyte,TCF4,0.0010713935,0.4313725490196078,0.0014279949,True,956
22,oligodendrocyte,MAPT,9.226799e-05,0.9019607843137256,0.0015420616,True,956
23,oligodendrocyte precursor cell,CADM2,0.05408722,0.2941176470588235,0.027475247,True,2048
23,oligodendrocyte precursor cell,NRXN1,0.05347377,0.2941176470588235,0.027959133,True,2048
23,oligodendrocyte precursor cell,NLGN1,0.05364293,0.4705882352941176,0.029675966,True,2048
23,oligodendrocyte precursor cell,MAPT,0.053349078,0.3137254901960784,0.02526226,True,2048
23,oligodendrocyte precursor cell,SCN1A,0.054747283,0.1568627450980392,0.028542537,True,2048
23,oligodendrocyte precursor cell,DISC1,0.003260672,0.5294117647058824,0.024845785,True,2048
23,oligodendrocyte precursor cell,CREB1,0.0014885664,0.8431372549019608,0.024336874,True,2048
24,oligodendrocyte,CADM2,0.002560556,0.2549019607843137,0.0029100848,True,1663
24,oligodendrocyte,NLGN1,2.5331974e-05,0.9803921568627452,0.0033137668,True,1663
24,oligodendrocyte,TCF4,0.0015279651,0.8627450980392157,0.0033844255,True,1663
24,oligodendrocyte,APP,0.00012713671,1.0,0.0031658579,True,1663
24,oligodendrocyte,MAPT,0.0021736622,0.5490196078431373,0.0032473516,True,1663
24,oligodendrocyte,DISC1,0.002288103,0.4313725490196078,0.0034140884,True,1663
24,oligodendrocyte,SHANK3,0.0024374723,0.2941176470588235,0.0030925584,True,1663
24,oligodendrocyte,FMR1,0.0022090673,0.4313725490196078,0.0030613553,True,1663
25,oligodendrocyte,CADM2,0.0042307973,0.0588235294117647,0.0018646157,True,2048
25,oligodendrocyte,NLGN1,0.0015545487,0.5294117647058824,0.0017340863,True,2048
25,oligodendrocyte,NEGR1,0.0010609031,0.8235294117647058,0.002030803,True,2048
25,oligodendrocyte,TCF4,0.00027227402,0.9803921568627452,0.0019152677,True,2048
25,oligodendrocyte,APP,0.0015918016,0.4313725490196078,0.001525445,True,2048
25,oligodendrocyte,MAPT,0.001566112,0.3725490196078431,0.0015456295,True,2048
25,oligodendrocyte,SHANK3,0.0016515851,0.2549019607843137,0.0016911876,True,2048
26,pvalb GABAergic cortical interneuron,CADM2,0.008963823,0.0980392156862745,0.0027174747,True,2048
26,pvalb GABAergic cortical interneuron,NRXN1,0.007907212,0.0588235294117647,0.0026016117,True,2048
26,pvalb GABAergic cortical interneuron,NLGN1,0.00061249733,0.6078431372549019,0.003340608,True,2048
26,pvalb GABAergic cortical interneuron,TCF4,0.0046916604,0.2549019607843137,0.0034188377,True,2048
26,pvalb GABAergic cortical interneuron,APP,0.0060169697,0.1176470588235294,0.0022168874,True,2048
26,pvalb GABAergic cortical interneuron,GRIN2B,0.0006674528,0.5882352941176471,0.0026070536,True,2048
26,pvalb GABAergic cortical interneuron,FOXO3,0.0056705475,0.1764705882352941,0.0023629367,True,2048
26,pvalb GABAergic cortical interneuron,HOMER1,0.0012705326,0.1568627450980392,0.0022430753,True,2048
27,oligodendrocyte,CADM2,0.0011187196,0.3725490196078431,0.00093652727,True,2048
27,oligodendrocyte,NLGN1,0.0009217262,0.5294117647058824,0.00088659045,True,2048
27,oligodendrocyte,NEGR1,0.0006842613,0.6862745098039216,0.0009172666,True,2048
27,oligodendrocyte,TCF4,0.0005635023,0.803921568627451,0.0009361708,True,2048
27,oligodendrocyte,APP,0.0011857748,0.1764705882352941,0.000838325,True,2048
27,oligodendrocyte,CREB1,0.00048601627,0.9411764705882352,0.0009781778,True,2048
27,oligodendrocyte,FMR1,0.0009391308,0.5686274509803921,0.00093372347,True,2048
28,glutamatergic neuron,CADM2,0.00069856644,0.6078431372549019,0.00088424684,True,2048
28,glutamatergic neuron,NRXN1,0.0013646483,0.2941176470588235,0.0010106158,True,2048
28,glutamatergic neuron,NEGR1,0.0016329288,0.1568627450980392,0.00097254274,True,2048
28,glutamatergic neuron,MEF2C,0.0015797615,0.1372549019607843,0.00088105915,True,2048
28,glutamatergic neuron,APP,0.0002886057,0.9411764705882352,0.000994898,True,2048
28,glutamatergic neuron,GRIN2A,0.0014551878,0.2549019607843137,0.000927701,True,2048
28,glutamatergic neuron,GRIN2B,0.0016282201,0.1372549019607843,0.00094694854,True,2048
28,glutamatergic neuron,MAPT,0.0013768673,0.2941176470588235,0.0010197056,True,2048
28,glutamatergic neuron,CAMK2A,0.0014510155,0.1568627450980392,0.0009569991,True,2048
28,glutamatergic neuron,HOMER1,0.0014067292,0.1568627450980392,0.00086029293,True,2048
28,glutamatergic neuron,CREB1,0.0006586313,0.5490196078431373,0.0010343492,True,2048
28,glutamatergic neuron,SHANK3,0.0012689829,0.2745098039215686,0.00082539796,True,2048
28,glutamatergic neuron,FMR1,0.00034737587,0.8627450980392157,0.0009535956,True,2048
29,glutamatergic neuron,CADM2,0.025567234,0.3333333333333333,0.01510904,True,2048
29,glutamatergic neuron,NRXN1,0.02430898,0.4705882352941176,0.0139016,True,2048
29,glutamatergic neuron,NLGN1,0.025771976,0.2745098039215686,0.015128307,True,2048
29,glutamatergic neuron,NEGR1,0.028657973,0.0784313725490196,0.013171834,True,2048
29,glutamatergic neuron,TCF4,0.027107954,0.0588235294117647,0.012672803,True,2048
29,glutamatergic neuron,MEF2C,0.028963327,0.0196078431372549,0.01390777,True,2048
29,glutamatergic neuron,APP,0.004103482,0.4313725490196078,0.010414853,True,2048
29,glutamatergic neuron,GRIN2A,0.02593875,0.3137254901960784,0.014928689,True,2048
29,glutamatergic neuron,GRIN2B,0.02475971,0.3529411764705882,0.011323183,True,2048
29,glutamatergic neuron,MAPT,0.048559785,0.0196078431372549,0.013224346,True,2048
29,glutamatergic neuron,SCN1A,0.024922788,0.5294117647058824,0.01609863,True,2048
29,glutamatergic neuron,CAMK2A,0.028093874,0.0784313725490196,0.012466708,True,2048
29,glutamatergic neuron,HOMER1,0.026234448,0.1176470588235294,0.011034521,True,2048
29,glutamatergic neuron,SYN1,0.00014936924,0.9803921568627452,0.015296034,True,2048
30,oligodendrocyte,CADM2,0.001889348,0.1176470588235294,0.0010073769,True,2048
30,oligodendrocyte,NLGN1,0.00043988228,0.7843137254901961,0.0010148239,True,2048
30,oligodendrocyte,TCF4,0.0017680526,0.1764705882352941,0.0010558558,True,2048
30,oligodendrocyte,APP,0.0013977289,0.2549019607843137,0.0008134365,True,2048
30,oligodendrocyte,DISC1,0.00050389767,0.7450980392156863,0.00093754055,True,2048
30,oligodendrocyte,HOMER1,0.0003194213,0.9019607843137256,0.0011152065,True,2048
30,oligodendrocyte,COMT,0.0003246069,0.8431372549019608,0.000998578,True,2048
31,GABAergic interneuron,CADM2,0.0020760894,0.1176470588235294,0.0014325011,True,2048
31,GABAergic interneuron,NEGR1,0.0021457076,0.0392156862745098,0.0012370765,True,2048
31,GABAergic interneuron,TCF4,0.0019419193,0.1568627450980392,0.001380242,True,2048
31,GABAergic interneuron,MEF2C,0.0014677048,0.6666666666666666,0.0014047361,True,2048
31,GABAergic interneuron,APP,0.0016970038,0.3725490196078431,0.0013762105,True,2048
31,GABAergic interneuron,GRIN2A,0.0006314516,0.7843137254901961,0.0013807607,True,2048
31,GABAergic interneuron,GRIN2B,0.001742661,0.2745098039215686,0.0013291478,True,2048
31,GABAergic interneuron,MAPT,0.0011687875,0.5882352941176471,0.0012606251,True,2048
31,GABAergic interneuron,FOXO3,0.0017965436,0.196078431372549,0.0013313532,True,2048
31,GABAergic interneuron,SHANK3,0.00079369545,0.7843137254901961,0.0037073852,True,2048
32,oligodendrocyte,CADM2,5.608797e-05,0.9215686274509804,0.00184093,True,1822
32,oligodendrocyte,NLGN1,9.2089176e-05,0.9803921568627452,0.0014386082,True,1822
32,oligodendrocyte,TCF4,0.00026899576,0.803921568627451,0.0008354616,True,1822
32,oligodendrocyte,APP,3.117323e-05,0.9803921568627452,0.00079790235,True,1822
32,oligodendrocyte,MAPT,0.0009441376,0.4509803921568627,0.00089074014,True,1822
32,oligodendrocyte,FOXO3,0.0002630353,0.8627450980392157,0.0033116508,True,1822
33,GABAergic interneuron,CADM2,0.004662931,0.1176470588235294,0.0036933995,True,2048
33,GABAergic interneuron,NRXN1,0.0022604465,0.3529411764705882,0.0023562182,True,2048
33,GABAergic interneuron,NEGR1,0.0022822618,0.4705882352941176,0.0037648296,True,2048
33,GABAergic interneuron,TCF4,0.02763617,0.0392156862745098,0.0029497242,True,2048
33,GABAergic interneuron,MEF2C,0.002396226,0.2549019607843137,0.0029735195,True,2048
33,GABAergic interneuron,APP,0.0017898083,0.6666666666666666,0.0028272616,True,2048
33,GABAergic interneuron,GRIN2A,0.0007366538,0.9411764705882352,0.0041101016,True,2048
33,GABAergic interneuron,GRIN2B,0.0027855635,0.3333333333333333,0.0048881327,True,2048
33,GABAergic interneuron,MAPT,0.0020258427,0.4705882352941176,0.0020484186,True,2048
33,GABAergic interneuron,SCN1A,0.0010351539,0.803921568627451,0.0029648496,True,2048
34,oligodendrocyte,CADM2,0.010554731,0.8823529411764706,0.010741655,True,2048
34,oligodendrocyte,NLGN1,0.011175513,0.6078431372549019,0.011752656,True,2048
34,oligodendrocyte,APP,0.011085808,0.7058823529411765,0.011090031,True,2048
34,oligodendrocyte,MAPT,0.012026727,0.0392156862745098,0.011079078,True,2048
34,oligodendrocyte,FOXO3,0.011197925,0.5882352941176471,0.011283444,True,2048
35,GABAergic interneuron,CADM2,0.0002708435,0.9215686274509804,0.0008859956,True,2048
35,GABAergic interneuron,NRXN1,0.001042366,0.4705882352941176,0.0009659934,True,2048
35,GABAergic interneuron,NLGN1,0.0013610125,0.2549019607843137,0.0009149778,True,2048
35,GABAergic interneuron,TCF4,0.0015888214,0.0980392156862745,0.0009434784,True,2048
35,GABAergic interneuron,MEF2C,0.0010819435,0.3725490196078431,0.0009604275,True,2048
35,GABAergic interneuron,APP,0.0009647608,0.6666666666666666,0.001100986,True,2048
35,GABAergic interneuron,GRIN2B,0.0011552572,0.2745098039215686,0.000946604,True,2048
35,GABAergic interneuron,MAPT,0.00033700466,0.9411764705882352,0.0016771138,True,2048
35,GABAergic interneuron,FOXO3,0.0003221035,0.9215686274509804,0.0010092461,True,2048
35,GABAergic interneuron,SHANK3,0.0009832978,0.5490196078431373,0.0008822429,True,2048
36,oligodendrocyte,TCF4,0.001979649,0.0784313725490196,0.0011410558,True,2048
36,oligodendrocyte,APP,0.0017757416,0.3725490196078431,0.0013394094,True,2048
36,oligodendrocyte,MAPT,0.001409173,0.392156862745098,0.0011396122,True,2048
36,oligodendrocyte,FOXO3,0.0012220144,0.5882352941176471,0.0012498331,True,2048
36,oligodendrocyte,CREB1,0.00025433302,0.8823529411764706,0.0010802937,True,2048
37,oligodendrocyte,CADM2,0.00085920095,0.8627450980392157,0.059985742,True,2048
37,oligodendrocyte,TCF4,0.000700593,0.9019607843137256,0.050160103,True,2048
37,oligodendrocyte,APP,0.0940398,0.5882352941176471,0.059761647,True,2048
37,oligodendrocyte,MAPT,0.0966593,0.0392156862745098,0.05578062,True,2048
37,oligodendrocyte,FOXO3,0.0028613806,0.5490196078431373,0.05031288,True,2048
38,oligodendrocyte,CADM2,0.0009313822,0.2941176470588235,0.0009284973,True,2048
38,oligodendrocyte,NLGN1,0.0019845963,0.2352941176470588,0.0010266447,True,2048
38,oligodendrocyte,MAPT,0.0012758374,0.1764705882352941,0.0008346427,True,2048
38,oligodendrocyte,HOMER1,0.00013172626,1.0,0.0009436894,True,2048
38,oligodendrocyte,CREB1,0.00044047832,0.8235294117647058,0.0010209691,True,2048
38,oligodendrocyte,SLC6A4,0.0004658699,0.7450980392156863,0.0009681106,True,2048
39,oligodendrocyte,CADM2,0.0006799102,0.6666666666666666,0.0012061382,True,1060
39,oligodendrocyte,NRXN1,1.859665e-05,1.0,0.0012656593,True,1060
39,oligodendrocyte,NLGN1,0.0018109083,0.3529411764705882,0.0015252364,True,1060
39,oligodendrocyte,TCF4,0.00043302774,0.9019607843137256,0.0014859509,True,1060
39,oligodendrocyte,APP,0.0001488924,0.9411764705882352,0.0014856863,True,1060
39,oligodendrocyte,MAPT,0.00025069714,0.9803921568627452,0.0013954412,True,1060
39,oligodendrocyte,FOXO3,0.00095921755,0.6862745098039216,0.0012143207,True,1060
40,pvalb GABAergic cortical interneuron,CADM2,0.00079864264,0.5686274509803921,0.0013066196,True,2048
40,pvalb GABAergic cortical interneuron,NEGR1,0.0021954179,0.0196078431372549,0.0011428226,True,2048
40,pvalb GABAergic cortical interneuron,TCF4,0.0015426278,0.3333333333333333,0.0010945654,True,2048
40,pvalb GABAergic cortical interneuron,MEF2C,0.0015289187,0.4313725490196078,0.0011834264,True,2048
40,pvalb GABAergic cortical interneuron,APP,0.0015980005,0.2549019607843137,0.001091485,True,2048
40,pvalb GABAergic cortical interneuron,GRIN2B,0.0023487806,0.0196078431372549,0.0009921503,True,2048
40,pvalb GABAergic cortical interneuron,MAPT,0.0004979372,0.7647058823529411,0.0010755563,True,2048
40,pvalb GABAergic cortical interneuron,SCN1A,0.0017344356,0.0980392156862745,0.00096746685,True,2048
40,pvalb GABAergic cortical interneuron,HOMER1,0.000885427,0.6470588235294118,0.0011795484,True,2048
40,pvalb GABAergic cortical interneuron,FMR1,0.00050997734,0.6274509803921569,0.0009965408,True,2048
41,oligodendrocyte,CADM2,0.0020961761,0.2941176470588235,0.0015016926,True,2048
41,oligodendrocyte,NLGN1,0.0020599365,0.2352941176470588,0.0013388575,True,2048
41,oligodendrocyte,APP,0.0033613443,0.0392156862745098,0.0013752925,True,2048
41,oligodendrocyte,GRIN2A,0.0017033219,0.392156862745098,0.0012118673,True,2048
41,oligodendrocyte,MAPT,0.0011819601,0.4509803921568627,0.0011405993,True,2048
41,oligodendrocyte,CREB1,0.001836896,0.3725490196078431,0.0013748932,True,2048
42,oligodendrocyte,CADM2,0.010312617,0.9411764705882352,0.017560033,True,2048
42,oligodendrocyte,NLGN1,0.018727422,0.3725490196078431,0.01645147,True,2048
42,oligodendrocyte,TCF4,0.017486513,0.3529411764705882,0.016580578,True,2048
42,oligodendrocyte,APP,0.017883241,0.392156862745098,0.015934229,True,2048
42,oligodendrocyte,CREB1,0.02225703,0.2352941176470588,0.017750232,True,2048
43,astrocyte,CADM2,0.00878191,0.2745098039215686,0.0068277824,True,2048
43,astrocyte,NRXN1,0.00883621,0.3137254901960784,0.009059803,True,2048
43,astrocyte,TCF4,0.009118974,0.3137254901960784,0.0072656097,True,2048
43,astrocyte,MAPT,0.008017957,0.5686274509803921,0.006650205,True,2048
44,oligodendrocyte,CADM2,0.0010058284,0.2745098039215686,0.00074591994,True,2048
44,oligodendrocyte,TCF4,0.0010950565,0.1372549019607843,0.0006914306,True,2048
44,oligodendrocyte,APP,0.0010174513,0.3529411764705882,0.0008189023,True,2048
44,oligodendrocyte,FOXO3,0.00053590536,0.5882352941176471,0.0006207025,True,2048
44,oligodendrocyte,SHANK3,0.00079268217,0.4705882352941176,0.0007126522,True,2048
44,oligodendrocyte,FMR1,0.00049960613,0.5882352941176471,0.0006617081,True,2048
44,oligodendrocyte,BDNF,0.0007299781,0.5098039215686274,0.0007227659,True,2048
45,oligodendrocyte,CADM2,0.0008915663,0.7647058823529411,0.0018462741,True,1027
45,oligodendrocyte,TCF4,0.0019883513,0.4509803921568627,0.0018247461,True,1027
45,oligodendrocyte,APP,0.00019234419,0.9607843137254902,0.0020072258,True,1027
45,oligodendrocyte,MAPT,0.0007442832,0.8235294117647058,0.0016751003,True,1027
45,oligodendrocyte,FOXO3,0.00087320805,0.5882352941176471,0.0014480138,True,1027
45,oligodendrocyte,COMT,0.0023328066,0.2745098039215686,0.0016964733,True,1027
46,glutamatergic neuron,CADM2,0.00059229136,0.8235294117647058,0.0030734478,True,1698
46,glutamatergic neuron,NRXN1,0.00049751997,0.7058823529411765,0.0022572041,True,1698
46,glutamatergic neuron,NLGN1,0.00014555454,0.9215686274509804,0.0027855777,True,1698
46,glutamatergic neuron,NEGR1,0.0005065203,0.7450980392156863,0.0030801357,True,1698
46,glutamatergic neuron,TCF4,0.0002462268,0.9019607843137256,0.0024571656,True,1698
46,glutamatergic neuron,MEF2C,6.711483e-05,0.9803921568627452,0.0037254381,True,1698
46,glutamatergic neuron,APP,0.0013607144,0.4705882352941176,0.0017866039,True,1698
46,glutamatergic neuron,GRIN2A,0.001280129,0.5294117647058824,0.0020585477,True,1698
46,glutamatergic neuron,GRIN2B,2.9087067e-05,1.0,0.0018856251,True,1698
46,glutamatergic neuron,SCN1A,0.0001334548,0.9803921568627452,0.0020013559,True,1698
46,glutamatergic neuron,CAMK2A,0.00026226044,0.8627450980392157,0.0029681004,True,1698
46,glutamatergic neuron,HOMER1,0.0006430745,0.7058823529411765,0.002151953,True,1698
46,glutamatergic neuron,SYN1,0.0014313459,0.5490196078431373,0.0023527574,True,1698
47,glutamatergic neuron,CADM2,0.0007021427,0.7058823529411765,0.00088914396,True,2048
47,glutamatergic neuron,NRXN1,0.0007356405,0.4901960784313725,0.0007541585,True,2048
47,glutamatergic neuron,NEGR1,0.0008366704,0.1176470588235294,0.0006153786,True,2048
47,glutamatergic neuron,TCF4,0.00088244677,0.0980392156862745,0.00058945536,True,2048
47,glutamatergic neuron,MEF2C,0.0018424988,0.0784313725490196,0.00080258964,True,2048
47,glutamatergic neuron,APP,0.00017637014,0.8823529411764706,0.00066294434,True,2048
47,glutamatergic neuron,GRIN2A,0.0008250475,0.2941176470588235,0.0007857597,True,2048
47,glutamatergic neuron,MAPT,0.00037878752,0.7058823529411765,0.00066168426,True,2048
47,glutamatergic neuron,CAMK2A,0.00071018934,0.5098039215686274,0.0006799889,True,2048
47,glutamatergic neuron,HOMER1,0.0007815361,0.4117647058823529,0.0007356012,True,2048
47,glutamatergic neuron,SHANK3,0.00037503242,0.7647058823529411,0.0007910788,True,2048
48,oligodendrocyte,CADM2,0.0010539889,0.7450980392156863,0.0012343251,True,2048
48,oligodendrocyte,NLGN1,0.0009945631,0.7058823529411765,0.0012420297,True,2048
48,oligodendrocyte,NEGR1,0.0013139844,0.4705882352941176,0.0012700581,True,2048
48,oligodendrocyte,TCF4,0.0010354519,0.8235294117647058,0.0012311614,True,2048
48,oligodendrocyte,MAPT,0.0012007356,0.6470588235294118,0.0014086687,True,2048
48,oligodendrocyte,FMR1,0.0010884404,0.6470588235294118,0.0012584948,True,2048
48,oligodendrocyte,SYN1,0.0010385513,0.8431372549019608,0.0013693321,True,2048
49,glutamatergic neuron,CADM2,0.0001527667,0.9411764705882352,0.00060812593,True,2048
49,glutamatergic neuron,NRXN1,0.00066781044,0.2941176470588235,0.00048653127,True,2048
49,glutamatergic neuron,NLGN1,0.000115573406,0.9411764705882352,0.00053759455,True,2048
49,glutamatergic neuron,NEGR1,0.0010740161,0.1568627450980392,0.0006023979,True,2048
49,glutamatergic neuron,TCF4,0.00022816658,0.7254901960784313,0.0005150962,True,2048
49,glutamatergic neuron,MEF2C,0.00018417835,0.8431372549019608,0.0005462563,True,2048
49,glutamatergic neuron,APP,0.00015836954,0.9215686274509804,0.00055504916,True,2048
49,glutamatergic neuron,GRIN2A,0.0009766221,0.1568627450980392,0.00055579306,True,2048
49,glutamatergic neuron,GRIN2B,0.0010091066,0.1764705882352941,0.00058496237,True,2048
49,glutamatergic neuron,MAPT,0.0006546378,0.2941176470588235,0.0013610506,True,2048
49,glutamatergic neuron,FOXO3,0.00063687563,0.2941176470588235,0.00049756886,True,2048
49,glutamatergic neuron,CAMK2A,0.0009915829,0.2352941176470588,0.00055649993,True,2048
49,glutamatergic neuron,HOMER1,0.0009212494,0.2352941176470588,0.00054318545,True,2048
49,glutamatergic neuron,SHANK3,0.00047564507,0.4509803921568627,0.0021064556,True,2048
49,glutamatergic neuron,FMR1,0.0005453825,0.5294117647058824,0.00057396054,True,2048
49,glutamatergic neuron,SYN1,0.00041013956,0.6470588235294118,0.000622499,True,2048
0,oligodendrocyte precursor cell,CADM2,0.00043535233,0.7419354838709677,0.000713865,True,2048
0,oligodendrocyte precursor cell,NRXN1,0.0009992719,0.3548387096774194,0.0007361511,True,2048
0,oligodendrocyte precursor cell,NLGN1,0.0013144612,0.064516129032258,0.00069440604,True,2048
0,oligodendrocyte precursor cell,TCF4,0.0006425977,0.5161290322580645,0.00062012277,True,2048
0,oligodendrocyte precursor cell,APP,0.0007944107,0.3870967741935484,0.00066854956,True,2048
0,oligodendrocyte precursor cell,SCN1A,0.0006605387,0.5483870967741935,0.0006606718,True,2048
0,oligodendrocyte precursor cell,DISC1,0.0012808442,0.032258064516129,0.0005692979,True,2048
0,oligodendrocyte precursor cell,HOMER1,0.0008381009,0.2580645161290322,0.0006270905,True,2048
0,oligodendrocyte precursor cell,CREB1,0.0006223321,0.4838709677419355,0.0006079574,True,2048
0,oligodendrocyte precursor cell,COMT,0.0008119345,0.3870967741935484,0.0007179201,True,2048
0,oligodendrocyte precursor cell,SHANK3,0.0005617142,0.6129032258064516,0.0006889999,True,2048
1,glutamatergic neuron,CADM2,0.0012770295,0.4193548387096774,0.0011210779,True,2048
1,glutamatergic neuron,NRXN1,0.0017170906,0.1935483870967742,0.0010705829,True,2048
1,glutamatergic neuron,NLGN1,0.0010029078,0.3870967741935484,0.0010286967,True,2048
1,glutamatergic neuron,NEGR1,0.001483202,0.2903225806451613,0.0011465212,True,2048
1,glutamatergic neuron,TCF4,0.0019838214,0.1290322580645161,0.0012346109,True,2048
1,glutamatergic neuron,MEF2C,0.0018314123,0.1612903225806451,0.0010337869,True,2048
1,glutamatergic neuron,APP,0.0019000769,0.032258064516129,0.0010052801,True,2048
1,glutamatergic neuron,GRIN2A,0.0018167496,0.1612903225806451,0.0009551585,True,2048
1,glutamatergic neuron,GRIN2B,0.0012870431,0.4193548387096774,0.0011854728,True,2048
1,glutamatergic neuron,MAPT,0.0007787347,0.6129032258064516,0.0011715968,True,2048
1,glutamatergic neuron,SCN1A,0.00031900406,0.8387096774193549,0.0011579394,True,2048
1,glutamatergic neuron,FOXO3,0.0019741654,0.064516129032258,0.00092220306,True,2048
1,glutamatergic neuron,CAMK2A,0.0019894242,0.1290322580645161,0.001085484,True,2048
1,glutamatergic neuron,HOMER1,0.0015479326,0.1935483870967742,0.00094548264,True,2048
2,GABAergic interneuron,NRXN1,0.0006067753,0.6129032258064516,0.000986896,True,2048
2,GABAergic interneuron,NLGN1,0.00089854,0.4193548387096774,0.00082871516,True,2048
2,GABAergic interneuron,NEGR1,0.0008522272,0.4193548387096774,0.00074454345,True,2048
2,GABAergic interneuron,TCF4,0.0011399984,0.2258064516129032,0.0007322649,True,2048
2,GABAergic interneuron,MEF2C,0.0011633039,0.1612903225806451,0.0008553068,True,2048
2,GABAergic interneuron,GRIN2A,0.0012162328,0.1935483870967742,0.0007788062,True,2048
2,GABAergic interneuron,GRIN2B,0.0010496378,0.3225806451612903,0.0007691046,True,2048
2,GABAergic interneuron,SCN1A,0.0013591051,0.0967741935483871,0.00075954,True,2048
2,GABAergic interneuron,HOMER1,0.0008337498,0.5806451612903226,0.00091484387,True,2048
2,GABAergic interneuron,SHANK3,0.00089365244,0.5483870967741935,0.00087540946,True,2048
2,GABAergic interneuron,FMR1,0.0005866885,0.8709677419354839,0.00081112783,True,2048
2,GABAergic interneuron,SYN1,0.0012159348,0.1290322580645161,0.00074150565,True,2048
3,oligodendrocyte,CADM2,0.00080251694,0.6129032258064516,0.0011251707,True,2048
3,oligodendrocyte,NLGN1,0.0013973117,0.3870967741935484,0.0014915605,True,2048
3,oligodendrocyte,NEGR1,0.0005750656,0.7741935483870968,0.0011044443,True,2048
3,oligodendrocyte,APP,0.0013256073,0.3225806451612903,0.0011644006,True,2048
3,oligodendrocyte,MAPT,0.0007697344,0.6451612903225806,0.0010816336,True,2048
3,oligodendrocyte,FOXO3,0.0015748143,0.1935483870967742,0.001187694,True,2048
4,oligodendrocyte,CADM2,0.0028486252,0.7741935483870968,0.004162993,True,1926
4,oligodendrocyte,NLGN1,0.0046536326,0.5483870967741935,0.0041940827,True,1926
4,oligodendrocyte,NEGR1,4.041195e-05,0.935483870967742,0.0042161304,True,1926
4,oligodendrocyte,TCF4,0.0050289035,0.4516129032258064,0.00414262,True,1926
4,oligodendrocyte,APP,0.0060079694,0.0967741935483871,0.004324148,True,1926
4,oligodendrocyte,GRIN2A,1.0848045e-05,0.967741935483871,0.0040045283,True,1926
4,oligodendrocyte,MAPT,0.005331576,0.3548387096774194,0.005987378,True,1926
4,oligodendrocyte,FOXO3,0.00022494793,0.8387096774193549,0.0043220124,True,1926
4,oligodendrocyte,CREB1,0.0030144453,0.7096774193548387,0.0038988113,True,1926
5,oligodendrocyte,CADM2,0.0004905462,0.8064516129032258,0.01801479,True,1190
5,oligodendrocyte,NEGR1,3.4868717e-05,0.935483870967742,0.018391648,True,1190
5,oligodendrocyte,CREB1,0.0009945035,0.4516129032258064,0.012270107,True,1190
5,oligodendrocyte,SHANK3,0.08754575,0.1290322580645161,0.023878688,True,1190
6,oligodendrocyte,CADM2,0.09681153,0.2258064516129032,0.029580526,True,2048
6,oligodendrocyte,NLGN1,0.00065642595,0.5806451612903226,0.026588185,True,2048
6,oligodendrocyte,APP,0.09888828,0.1612903225806451,0.043363087,True,2048
6,oligodendrocyte,MAPT,0.09837365,0.064516129032258,0.042478446,True,2048
6,oligodendrocyte,CREB1,8.9883804e-05,1.0,0.029570857,True,2048
6,oligodendrocyte,FMR1,0.00044488907,0.8387096774193549,0.043021847,True,2048
7,oligodendrocyte precursor cell,CADM2,0.0006739497,0.5483870967741935,0.0006339034,True,2048
7,oligodendrocyte precursor cell,NRXN1,0.0009646416,0.0967741935483871,0.0007068137,True,2048
7,oligodendrocyte precursor cell,NLGN1,0.0011256933,0.064516129032258,0.0007404467,True,2048
7,oligodendrocyte precursor cell,SCN1A,0.0009358525,0.1290322580645161,0.00055873196,True,2048
7,oligodendrocyte precursor cell,DISC1,0.00068849325,0.5161290322580645,0.00060791173,True,2048
7,oligodendrocyte precursor cell,FMR1,0.000101685524,1.0,0.00064044,True,2048
8,oligodendrocyte,CADM2,0.0011001229,0.1612903225806451,0.00078139704,True,1944
8,oligodendrocyte,NRXN1,1.5616417e-05,1.0,0.0008984983,True,1944
8,oligodendrocyte,NLGN1,0.0001412034,0.935483870967742,0.0007599592,True,1944
8,oligodendrocyte,TCF4,0.00018829107,0.9032258064516128,0.000714606,True,1944
8,oligodendrocyte,APP,0.0011245608,0.1290322580645161,0.0007904092,True,1944
8,oligodendrocyte,GRIN2A,0.00075787306,0.5161290322580645,0.00089430413,True,1944
8,oligodendrocyte,MAPT,0.00012999773,0.935483870967742,0.002281157,True,1944
8,oligodendrocyte,SHANK3,0.0012995601,0.032258064516129,0.0006245414,True,1944
9,glutamatergic neuron,CADM2,0.05060941,0.2258064516129032,0.016138818,True,2048
9,glutamatergic neuron,NRXN1,0.051769614,0.0967741935483871,0.020301351,True,2048
9,glutamatergic neuron,NLGN1,0.052317917,0.064516129032258,0.02431258,True,2048
9,glutamatergic neuron,NEGR1,0.048807144,0.2903225806451613,0.01701868,True,2048
9,glutamatergic neuron,TCF4,0.0011315346,0.6774193548387096,0.02246927,True,2048
9,glutamatergic neuron,MEF2C,0.052042603,0.1612903225806451,0.02608136,True,2048
9,glutamatergic neuron,APP,0.05204028,0.0967741935483871,0.019387478,True,2048
9,glutamatergic neuron,GRIN2A,0.051457226,0.1290322580645161,0.014399041,True,2048
9,glutamatergic neuron,GRIN2B,0.053740025,0.032258064516129,0.022677701,True,2048
9,glutamatergic neuron,MAPT,0.052435517,0.1290322580645161,0.025711553,True,2048
9,glutamatergic neuron,FOXO3,0.0014592409,0.5483870967741935,0.018092517,True,2048
9,glutamatergic neuron,CAMK2A,0.05036241,0.2580645161290322,0.017709183,True,2048
9,glutamatergic neuron,HOMER1,0.04835975,0.2903225806451613,0.016051056,True,2048
10,glutamatergic neuron,CADM2,0.007042885,0.2580645161290322,0.006177145,True,2048
10,glutamatergic neuron,NRXN1,0.0063046813,0.6129032258064516,0.006164541,True,2048
10,glutamatergic neuron,NLGN1,0.007322669,0.0967741935483871,0.005623261,True,2048
10,glutamatergic neuron,NEGR1,0.0061711073,0.5483870967741935,0.005889221,True,2048
10,glutamatergic neuron,TCF4,0.006265521,0.6774193548387096,0.0062458,True,2048
10,glutamatergic neuron,MEF2C,0.0072435737,0.064516129032258,0.006494993,True,2048
10,glutamatergic neuron,APP,0.005534172,0.7096774193548387,0.0060330885,True,2048
10,glutamatergic neuron,GRIN2A,0.006479025,0.4838709677419355,0.0061668693,True,2048
10,glutamatergic neuron,GRIN2B,0.0066195726,0.7096774193548387,0.006473899,True,2048
10,glutamatergic neuron,MAPT,0.0063099265,0.6774193548387096,0.006549746,True,2048
10,glutamatergic neuron,SCN1A,0.007125616,0.1612903225806451,0.0060518743,True,2048
10,glutamatergic neuron,FOXO3,0.007148385,0.2258064516129032,0.0060860096,True,2048
10,glutamatergic neuron,CAMK2A,0.0063815713,0.6129032258064516,0.00980925,True,2048
10,glutamatergic neuron,HOMER1,0.00601542,0.8387096774193549,0.0062422813,True,2048
10,glutamatergic neuron,SHANK3,0.0070734024,0.2903225806451613,0.006154696,True,2048
10,glutamatergic neuron,BDNF,0.0073984265,0.032258064516129,0.0063242693,True,2048
11,GABAergic interneuron,NLGN1,0.0036711097,0.4193548387096774,0.0030653358,True,2048
11,GABAergic interneuron,NEGR1,0.0032262802,0.3225806451612903,0.0028990349,True,2048
11,GABAergic interneuron,TCF4,0.0019686818,0.8064516129032258,0.0033165535,True,2048
11,GABAergic interneuron,MEF2C,0.0018956065,0.6451612903225806,0.0029150387,True,2048
11,GABAergic interneuron,APP,0.0033065677,0.4516129032258064,0.0061529833,True,2048
11,GABAergic interneuron,GRIN2A,0.0023545027,0.6774193548387096,0.0039115767,True,2048
11,GABAergic interneuron,GRIN2B,0.0039042234,0.2580645161290322,0.0033605814,True,2048
11,GABAergic interneuron,FOXO3,0.0044497848,0.1290322580645161,0.0030137738,True,2048
11,GABAergic interneuron,HOMER1,0.0033962727,0.2580645161290322,0.0025452673,True,2048
12,GABAergic interneuron,CADM2,0.00012207031,0.9032258064516128,0.0007789215,True,2048
12,GABAergic interneuron,NRXN1,0.0013485551,0.032258064516129,0.0007880708,True,2048
12,GABAergic interneuron,NLGN1,0.0007849932,0.6129032258064516,0.0008143365,True,2048
12,GABAergic interneuron,TCF4,0.0010967255,0.1290322580645161,0.000779438,True,2048
12,GABAergic interneuron,MEF2C,0.0008817315,0.3548387096774194,0.00077933073,True,2048
12,GABAergic interneuron,GRIN2A,0.0011050701,0.2258064516129032,0.00090962846,True,2048
12,GABAergic interneuron,GRIN2B,0.00090289116,0.3870967741935484,0.0008648952,True,2048
12,GABAergic interneuron,MAPT,0.0009559989,0.3225806451612903,0.00083055295,True,2048
13,glutamatergic neuron,CADM2,0.00048595667,0.7419354838709677,0.0009685953,True,2048
13,glutamatergic neuron,NRXN1,0.0011878014,0.2903225806451613,0.0010446608,True,2048
13,glutamatergic neuron,NEGR1,0.0007480383,0.6774193548387096,0.0011855781,True,2048
13,glutamatergic neuron,TCF4,0.001198709,0.2258064516129032,0.00080283283,True,2048
13,glutamatergic neuron,MEF2C,0.00078880787,0.5161290322580645,0.0010018706,True,2048
13,glutamatergic neuron,APP,0.0007739663,0.6129032258064516,0.0011632581,True,2048
13,glutamatergic neuron,GRIN2A,0.0008228421,0.4193548387096774,0.0009007911,True,2048
13,glutamatergic neuron,GRIN2B,0.001444757,0.1612903225806451,0.0008485357,True,2048
13,glutamatergic neuron,MAPT,0.0013847351,0.2258064516129032,0.0009373605,True,2048
13,glutamatergic neuron,SCN1A,0.00082170963,0.4193548387096774,0.0010935605,True,2048
13,glutamatergic neuron,FOXO3,0.0007997751,0.3870967741935484,0.0009098212,True,2048
13,glutamatergic neuron,CAMK2A,0.0016807318,0.1612903225806451,0.0008520464,True,2048
13,glutamatergic neuron,HOMER1,0.0011541843,0.2258064516129032,0.0008591592,True,2048
14,oligodendrocyte,CADM2,0.0008032918,0.5483870967741935,0.025198722,True,2048
14,oligodendrocyte,NLGN1,0.05379975,0.1290322580645161,0.025685232,True,2048
14,oligodendrocyte,TCF4,0.00087594986,0.5483870967741935,0.022542149,True,2048
14,oligodendrocyte,APP,0.0003668666,0.7419354838709677,0.020687854,True,2048
14,oligodendrocyte,FOXO3,0.00020939112,0.8709677419354839,0.01683089,True,2048
14,oligodendrocyte,CREB1,0.00027185678,0.7741935483870968,0.019210858,True,2048
14,oligodendrocyte,SYN1,0.00093501806,0.5483870967741935,0.02284594,True,2048
15,astrocyte,CADM2,0.0011770129,0.2580645161290322,0.00083492004,True,2048
15,astrocyte,NRXN1,0.0013381243,0.3548387096774194,0.0009248396,True,2048
15,astrocyte,TCF4,0.0005337,0.7419354838709677,0.00091605383,True,2048
15,astrocyte,FOXO3,0.00057834387,0.7419354838709677,0.0009701232,True,2048
15,astrocyte,FMR1,0.0005507469,0.7419354838709677,0.0009028236,True,2048
16,oligodendrocyte precursor cell,CADM2,0.00032162666,0.9032258064516128,0.00841404,True,2048
16,oligodendrocyte precursor cell,NRXN1,0.015717149,0.3548387096774194,0.008775866,True,2048
16,oligodendrocyte precursor cell,NLGN1,0.016037405,0.064516129032258,0.0061633387,True,2048
16,oligodendrocyte precursor cell,NEGR1,0.00033682585,0.9032258064516128,0.0060616257,True,2048
16,oligodendrocyte precursor cell,TCF4,0.015573978,0.2903225806451613,0.008262014,True,2048
16,oligodendrocyte precursor cell,SCN1A,0.0006470084,0.8064516129032258,0.007492828,True,2048
16,oligodendrocyte precursor cell,FOXO3,0.0056344867,0.4193548387096774,0.00632416,True,2048
16,oligodendrocyte precursor cell,SHANK3,0.0060093403,0.4516129032258064,0.0069606462,True,2048
16,oligodendrocyte precursor cell,SYN1,0.0055966973,0.4516129032258064,0.0064351656,True,2048
17,oligodendrocyte,CADM2,0.023225248,0.9032258064516128,0.031767588,True,2048
17,oligodendrocyte,NLGN1,0.034547567,0.1290322580645161,0.021627836,True,2048
17,oligodendrocyte,NEGR1,0.030513823,0.3225806451612903,0.02473877,True,2048
17,oligodendrocyte,TCF4,0.014380395,0.7741935483870968,0.02372321,True,2048
17,oligodendrocyte,APP,0.022111952,0.6451612903225806,0.028512673,True,2048
17,oligodendrocyte,FOXO3,0.0119665265,0.8387096774193549,0.026900988,True,2048
17,oligodendrocyte,SHANK3,0.019401193,0.5483870967741935,0.023015203,True,2048
18,oligodendrocyte,CADM2,0.0002847314,0.9032258064516128,0.0011897365,True,1918
18,oligodendrocyte,NRXN1,1.6987324e-05,1.0,0.0011987666,True,1918
18,oligodendrocyte,NLGN1,0.001110971,0.6129032258064516,0.0012675544,True,1918
18,oligodendrocyte,TCF4,0.00040990114,0.8709677419354839,0.0012489001,True,1918
18,oligodendrocyte,MEF2C,0.00029993057,0.9032258064516128,0.0012662768,True,1918
18,oligodendrocyte,APP,0.001070261,0.7419354838709677,0.003958857,True,1918
18,oligodendrocyte,GRIN2A,0.00011855364,1.0,0.0012972474,True,1918
18,oligodendrocyte,MAPT,0.001180172,0.5161290322580645,0.0011953295,True,1918
18,oligodendrocyte,FOXO3,0.0011940002,0.5161290322580645,0.001179405,True,1918
18,oligodendrocyte,CAMK2A,0.0001476407,0.967741935483871,0.0011191725,True,1918
18,oligodendrocyte,FMR1,0.0013883114,0.2580645161290322,0.0011119724,True,1918
19,glutamatergic neuron,CADM2,0.0015105605,0.2903225806451613,0.0012950003,True,2048
19,glutamatergic neuron,NRXN1,0.0014891624,0.4516129032258064,0.0012826185,True,2048
19,glutamatergic neuron,NLGN1,0.0008607507,0.7419354838709677,0.0010835747,True,2048
19,glutamatergic neuron,NEGR1,0.0009306073,0.5806451612903226,0.0010886074,True,2048
19,glutamatergic neuron,TCF4,0.0006045699,0.8064516129032258,0.0010589798,True,2048
19,glutamatergic neuron,MEF2C,0.0010324717,0.4193548387096774,0.0011054575,True,2048
19,glutamatergic neuron,APP,0.001113534,0.6129032258064516,0.0012475252,True,2048
19,glutamatergic neuron,GRIN2A,0.0014817119,0.2258064516129032,0.0010074,True,2048
19,glutamatergic neuron,GRIN2B,0.001501739,0.2258064516129032,0.0010258119,True,2048
19,glutamatergic neuron,MAPT,0.0014944673,0.2903225806451613,0.0010658086,True,2048
19,glutamatergic neuron,SCN1A,0.0014561415,0.4838709677419355,0.0012390475,True,2048
19,glutamatergic neuron,FOXO3,0.00029343367,0.967741935483871,0.0011572143,True,2048
19,glutamatergic neuron,HOMER1,0.0019130111,0.1935483870967742,0.0012768448,True,2048
19,glutamatergic neuron,FMR1,0.00092184544,0.4516129032258064,0.0009962956,True,2048
19,glutamatergic neuron,BDNF,0.0015211701,0.3548387096774194,0.0012604038,True,2048
20,astrocyte,CADM2,0.00010883808,0.967741935483871,0.0012375017,True,1517
20,astrocyte,NRXN1,0.00019866228,0.967741935483871,0.0013464828,True,1517
20,astrocyte,TCF4,0.000739336,0.7419354838709677,0.0011628132,True,1517
20,astrocyte,MEF2C,0.00011086464,0.967741935483871,0.0013561308,True,1517
20,astrocyte,MAPT,0.0020884871,0.1290322580645161,0.0012173812,True,1517
20,astrocyte,CREB1,0.0020228624,0.1612903225806451,0.0010968863,True,1517
21,glutamatergic neuron,CADM2,0.015551209,0.4193548387096774,0.020633077,True,2048
21,glutamatergic neuron,NRXN1,0.04558903,0.0967741935483871,0.019303717,True,2048
21,glutamatergic neuron,NLGN1,0.01608038,0.4838709677419355,0.023305565,True,2048
21,glutamatergic neuron,NEGR1,0.041208148,0.2580645161290322,0.020509839,True,2048
21,glutamatergic neuron,TCF4,0.0056691766,0.7741935483870968,0.016227745,True,2048
21,glutamatergic neuron,MEF2C,0.015664816,0.3548387096774194,0.015332292,True,2048
21,glutamatergic neuron,GRIN2A,0.04817128,0.1290322580645161,0.020095589,True,2048
21,glutamatergic neuron,MAPT,0.03546679,0.2903225806451613,0.023466041,True,2048
21,glutamatergic neuron,FOXO3,0.012179673,0.6451612903225806,0.024422044,True,2048
21,glutamatergic neuron,CAMK2A,0.0075915456,0.8064516129032258,0.023618365,True,2048
21,glutamatergic neuron,SHANK3,0.005493939,1.0,0.027920837,True,2048
22,oligodendrocyte,CADM2,0.0011533499,0.3548387096774194,0.0012675206,True,2048
22,oligodendrocyte,NLGN1,0.0013304353,0.2258064516129032,0.0009623388,True,2048
22,oligodendrocyte,APP,4.6908855e-05,1.0,0.0010508319,True,2048
22,oligodendrocyte,MAPT,0.00085037947,0.7419354838709677,0.00092014275,True,2048
22,oligodendrocyte,CREB1,0.0008122921,0.8387096774193549,0.0012239417,True,2048
22,oligodendrocyte,FMR1,0.00097322464,0.5483870967741935,0.0011956911,True,2048
23,oligodendrocyte,CADM2,0.0012221336,0.1612903225806451,0.00082279445,True,2048
23,oligodendrocyte,TCF4,0.001034975,0.3225806451612903,0.0008240521,True,2048
23,oligodendrocyte,APP,0.0010207295,0.4193548387096774,0.00084307394,True,2048
23,oligodendrocyte,DISC1,0.0012611747,0.1290322580645161,0.0008149326,True,2048
23,oligodendrocyte,FOXO3,0.00064224005,0.7419354838709677,0.00084576407,True,2048
23,oligodendrocyte,FMR1,0.00058215857,0.7419354838709677,0.00071428815,True,2048
24,glutamatergic neuron,CADM2,0.0006890893,0.4838709677419355,0.0006474773,True,2048
24,glutamatergic neuron,NRXN1,0.0010536313,0.2258064516129032,0.00063940685,True,2048
24,glutamatergic neuron,NLGN1,0.00023144484,0.7096774193548387,0.0004953464,True,2048
24,glutamatergic neuron,NEGR1,0.0009822249,0.3870967741935484,0.0007332603,True,2048
24,glutamatergic neuron,MEF2C,0.0010821819,0.0967741935483871,0.00067374506,True,2048
24,glutamatergic neuron,APP,0.0002925992,0.7419354838709677,0.00067839224,True,2048
24,glutamatergic neuron,GRIN2A,0.0005479455,0.4838709677419355,0.00062378246,True,2048
24,glutamatergic neuron,GRIN2B,0.00082319975,0.3225806451612903,0.0005705615,True,2048
24,glutamatergic neuron,SCN1A,0.0005438924,0.4516129032258064,0.00066214,True,2048
24,glutamatergic neuron,CAMK2A,0.0010994077,0.032258064516129,0.0005531768,True,2048
24,glutamatergic neuron,HOMER1,0.0011963248,0.0967741935483871,0.0007755955,True,2048
24,glutamatergic neuron,SYN1,0.00028806925,0.7096774193548387,0.0040406464,True,2048
25,glutamatergic neuron,CADM2,0.0005668402,0.6129032258064516,0.00087936915,True,2048
25,glutamatergic neuron,NRXN1,0.00087964535,0.1935483870967742,0.0007112324,True,2048
25,glutamatergic neuron,NEGR1,0.0013958812,0.1612903225806451,0.0007974585,True,2048
25,glutamatergic neuron,TCF4,0.0005943775,0.6129032258064516,0.00083371,True,2048
25,glutamatergic neuron,MEF2C,0.0010589957,0.1935483870967742,0.00080368517,True,2048
25,glutamatergic neuron,GRIN2A,0.0008710027,0.3225806451612903,0.00071933866,True,2048
25,glutamatergic neuron,GRIN2B,0.0007236004,0.3548387096774194,0.00075179536,True,2048
25,glutamatergic neuron,MAPT,0.00021541119,0.967741935483871,0.0011630495,True,2048
25,glutamatergic neuron,CAMK2A,0.0005672574,0.6774193548387096,0.0009081264,True,2048
25,glutamatergic neuron,HOMER1,0.0017582774,0.032258064516129,0.00073047477,True,2048
25,glutamatergic neuron,COMT,0.00049966574,0.8709677419354839,0.00086587865,True,2048
26,astrocyte,CADM2,0.008981645,0.5161290322580645,0.025273563,True,2030
26,astrocyte,NRXN1,0.039448738,0.3548387096774194,0.020082735,True,2030
26,astrocyte,TCF4,0.0031199455,0.8064516129032258,0.020270491,True,2030
26,astrocyte,APP,0.00040912628,0.935483870967742,0.014814053,True,2030
26,astrocyte,MAPT,0.0002772808,1.0,0.019316006,True,2030
26,astrocyte,FOXO3,0.032860816,0.3870967741935484,0.019195346,True,2030
26,astrocyte,CAMK2A,0.0022773147,0.8387096774193549,0.021771291,True,2030
26,astrocyte,SHANK3,0.04126638,0.3225806451612903,0.02620804,True,2030
27,oligodendrocyte,CADM2,0.0010643005,0.1612903225806451,0.00070127845,True,2048
27,oligodendrocyte,NLGN1,0.0004221797,0.7096774193548387,0.00074521505,True,2048
27,oligodendrocyte,NEGR1,0.00034427643,0.7741935483870968,0.0006981035,True,2048
27,oligodendrocyte,APP,0.00029236078,0.935483870967742,0.0007272661,True,2048
27,oligodendrocyte,GRIN2A,0.000312984,0.7741935483870968,0.0006597777,True,2048
27,oligodendrocyte,MAPT,0.0009317398,0.4193548387096774,0.00067982276,True,2048
27,oligodendrocyte,DISC1,0.0002682805,0.8387096774193549,0.0006696701,True,2048
28,oligodendrocyte,CADM2,0.0009906888,0.3548387096774194,0.0008709828,True,1600
28,oligodendrocyte,NEGR1,0.000115931034,0.967741935483871,0.0011716008,True,1600
28,oligodendrocyte,TCF4,0.0005337,0.5161290322580645,0.00081222656,True,1600
28,oligodendrocyte,APP,0.0008234978,0.6129032258064516,0.0010252536,True,1600
28,oligodendrocyte,MAPT,0.0014780164,0.3548387096774194,0.001017501,True,1600
28,oligodendrocyte,DISC1,0.00028032064,0.967741935483871,0.0012162487,True,1600
28,oligodendrocyte,FMR1,0.0018187165,0.2258064516129032,0.0011390845,True,1600
29,pvalb GABAergic cortical interneuron,CADM2,0.0010777712,0.5161290322580645,0.0011448264,True,2048
29,pvalb GABAergic cortical interneuron,NRXN1,0.002843082,0.032258064516129,0.00084956485,True,2048
29,pvalb GABAergic cortical interneuron,NLGN1,0.0009922981,0.5161290322580645,0.0007960995,True,2048
29,pvalb GABAergic cortical interneuron,TCF4,0.001625061,0.1935483870967742,0.0011145155,True,2048
29,pvalb GABAergic cortical interneuron,APP,0.0012871623,0.2580645161290322,0.00086180173,True,2048
29,pvalb GABAergic cortical interneuron,GRIN2A,0.0018131137,0.032258064516129,0.0008844813,True,2048
29,pvalb GABAergic cortical interneuron,GRIN2B,0.0007240176,0.4838709677419355,0.00082241895,True,2048
29,pvalb GABAergic cortical interneuron,MAPT,0.0013750196,0.1612903225806451,0.00096028246,True,2048
29,pvalb GABAergic cortical interneuron,FOXO3,0.0010806322,0.2580645161290322,0.000999097,True,2048
29,pvalb GABAergic cortical interneuron,CAMK2A,0.00021201372,0.935483870967742,0.0011046369,True,2048
30,oligodendrocyte,CADM2,0.00036495924,0.8064516129032258,0.0056462465,True,1879
30,oligodendrocyte,NRXN1,7.212162e-06,1.0,0.000704962,True,1879
30,oligodendrocyte,NEGR1,6.687641e-05,0.967741935483871,0.0007169306,True,1879
30,oligodendrocyte,TCF4,0.0002104044,0.935483870967742,0.0007949213,True,1879
30,oligodendrocyte,MEF2C,3.7133694e-05,1.0,0.0006727278,True,1879
30,oligodendrocyte,APP,0.0003977418,0.5483870967741935,0.00056112406,True,1879
30,oligodendrocyte,FOXO3,0.00023019314,0.8709677419354839,0.00062501035,True,1879
31,astrocyte,CADM2,0.00036251545,0.8064516129032258,0.0019121071,True,1256
31,astrocyte,NRXN1,0.00020337105,0.967741935483871,0.0027095855,True,1256
31,astrocyte,TCF4,2.95043e-05,1.0,0.0020571628,True,1256
32,mural cell,TCF4,0.0023927689,0.4838709677419355,0.028770419,True,2048
32,mural cell,MEF2C,0.0010549426,0.967741935483871,0.017759364,True,2048
32,mural cell,APP,0.0011972189,0.9032258064516128,0.021692941,True,2048
32,mural cell,FOXO3,0.066628635,0.1290322580645161,0.024186945,True,2048
32,mural cell,COMT,0.0014668107,0.8709677419354839,0.022511026,True,2048
33,oligodendrocyte,CADM2,0.0011857748,0.1290322580645161,0.0009878317,True,1805
33,oligodendrocyte,NLGN1,7.760525e-05,0.967741935483871,0.0011616031,True,1805
33,oligodendrocyte,NEGR1,3.939867e-05,1.0,0.0017550031,True,1805
33,oligodendrocyte,TCF4,0.0006351471,0.4838709677419355,0.00067625445,True,1805
33,oligodendrocyte,APP,0.0011370778,0.2903225806451613,0.0013935725,True,1805
34,glutamatergic neuron,CADM2,0.0014213324,0.3225806451612903,0.007686436,True,2048
34,glutamatergic neuron,NRXN1,0.0009037256,0.3225806451612903,0.012344054,True,2048
34,glutamatergic neuron,NLGN1,0.0015277863,0.2258064516129032,0.010276518,True,2048
34,glutamatergic neuron,NEGR1,0.07442683,0.0967741935483871,0.01035464,True,2048
34,glutamatergic neuron,TCF4,0.00066030025,0.3225806451612903,0.0052942117,True,2048
34,glutamatergic neuron,MEF2C,0.06979698,0.2258064516129032,0.015739271,True,2048
34,glutamatergic neuron,APP,0.00037819147,0.7741935483870968,0.01716414,True,2048
34,glutamatergic neuron,GRIN2A,0.0696376,0.1290322580645161,0.007957758,True,2048
34,glutamatergic neuron,GRIN2B,0.0004374385,0.4516129032258064,0.0052098115,True,2048
34,glutamatergic neuron,MAPT,0.0014365911,0.0967741935483871,0.0028962134,True,2048
34,glutamatergic neuron,SCN1A,0.00073701143,0.3870967741935484,0.007558924,True,2048
34,glutamatergic neuron,CAMK2A,0.0713312,0.1935483870967742,0.017775828,True,2048
34,glutamatergic neuron,HOMER1,0.066500604,0.0967741935483871,0.0053263367,True,2048
34,glutamatergic neuron,CREB1,0.0013417602,0.1935483870967742,0.0028481642,True,2048
34,glutamatergic neuron,SYN1,0.00068962574,0.4193548387096774,0.007382373,True,2048
35,astrocyte,TCF4,0.0011249781,0.3548387096774194,0.0009312133,True,2048
35,astrocyte,MAPT,0.000929296,0.4838709677419355,0.0007485469,True,2048
35,astrocyte,CREB1,0.0002578497,0.9032258064516128,0.00077474915,True,2048
36,mural cell,TCF4,0.009166837,0.0967741935483871,0.0046424908,True,2048
36,mural cell,DISC1,0.006140709,0.2580645161290322,0.0047098775,True,2048
36,mural cell,FOXO3,0.0031839013,0.8387096774193549,0.004710102,True,2048
36,mural cell,SHANK3,0.0038416386,0.3225806451612903,0.0041047535,True,2048
37,oligodendrocyte,CADM2,0.0014007092,0.4516129032258064,0.0011593798,True,2048
37,oligodendrocyte,NLGN1,0.0011522174,0.6129032258064516,0.001080517,True,2048
37,oligodendrocyte,TCF4,0.00057828426,0.8387096774193549,0.001085339,True,2048
37,oligodendrocyte,APP,0.0016623139,0.2580645161290322,0.0012269815,True,2048
37,oligodendrocyte,SHANK3,0.0013437271,0.3548387096774194,0.0010345598,True,2048
38,microglial cell,TCF4,5.1379204e-05,1.0,0.04671085,True,1932
38,microglial cell,MEF2C,0.04904425,0.5806451612903226,0.035037257,True,1932
38,microglial cell,DISC1,0.05200863,0.6129032258064516,0.03903604,True,1932
38,microglial cell,FOXO3,0.057935715,0.4193548387096774,0.039605666,True,1932
38,microglial cell,CREB1,0.07600522,0.032258064516129,0.03968046,True,1932
39,oligodendrocyte precursor cell,CADM2,0.0018549562,0.4193548387096774,0.0123590985,True,2048
39,oligodendrocyte precursor cell,NRXN1,0.03889507,0.1612903225806451,0.01849521,True,2048
39,oligodendrocyte precursor cell,NLGN1,0.03733802,0.1612903225806451,0.009804366,True,2048
39,oligodendrocyte precursor cell,TCF4,0.0013219714,0.7096774193548387,0.015141252,True,2048
39,oligodendrocyte precursor cell,APP,0.03931606,0.0967741935483871,0.014255782,True,2048
39,oligodendrocyte precursor cell,MAPT,0.0021843314,0.6129032258064516,0.023386117,True,2048
39,oligodendrocyte precursor cell,CREB1,0.037062168,0.3548387096774194,0.014992772,True,2048
39,oligodendrocyte precursor cell,SHANK3,0.0020723343,0.5483870967741935,0.01980275,True,2048
40,oligodendrocyte,CADM2,5.8293343e-05,0.967741935483871,0.002151853,True,836
40,oligodendrocyte,NLGN1,4.2319298e-05,1.0,0.0024129946,True,836
40,oligodendrocyte,APP,0.0016608834,0.7419354838709677,0.0020125627,True,836
40,oligodendrocyte,MAPT,0.0002695918,0.8709677419354839,0.0019957025,True,836
40,oligodendrocyte,FOXO3,0.0016550422,0.7419354838709677,0.0023343225,True,836
41,glutamatergic neuron,CADM2,0.0016080141,0.1935483870967742,0.001161031,True,2048
41,glutamatergic neuron,NRXN1,0.0021181107,0.1290322580645161,0.0010631264,True,2048
41,glutamatergic neuron,NLGN1,0.0011755228,0.3548387096774194,0.0013481776,True,2048
41,glutamatergic neuron,NEGR1,0.0044699907,0.064516129032258,0.0010413646,True,2048
41,glutamatergic neuron,MEF2C,0.00058555603,0.7741935483870968,0.0010325749,True,2048
41,glutamatergic neuron,APP,0.00097453594,0.5483870967741935,0.0009154876,True,2048
41,glutamatergic neuron,GRIN2A,0.0009639859,0.4516129032258064,0.001320076,True,2048
41,glutamatergic neuron,GRIN2B,0.0017557144,0.0967741935483871,0.00094289583,True,2048
41,glutamatergic neuron,MAPT,0.00083220005,0.6451612903225806,0.001241831,True,2048
41,glutamatergic neuron,FOXO3,0.00047171116,0.6774193548387096,0.000831606,True,2048
41,glutamatergic neuron,CAMK2A,0.0013859868,0.1935483870967742,0.0009354174,True,2048
41,glutamatergic neuron,HOMER1,0.00015646219,1.0,0.00092253287,True,2048
41,glutamatergic neuron,CREB1,0.00027489662,0.967741935483871,0.0010368287,True,2048
42,glutamatergic neuron,CADM2,0.000901103,0.2580645161290322,0.00069983996,True,2048
42,glutamatergic neuron,NRXN1,0.001017034,0.1612903225806451,0.0006667137,True,2048
42,glutamatergic neuron,NLGN1,0.00094008446,0.2258064516129032,0.00068262615,True,2048
42,glutamatergic neuron,NEGR1,0.0011286736,0.064516129032258,0.00073839625,True,2048
42,glutamatergic neuron,MEF2C,0.00064510107,0.5806451612903226,0.0006769558,True,2048
42,glutamatergic neuron,APP,0.0012167692,0.032258064516129,0.0006064872,True,2048
42,glutamatergic neuron,GRIN2B,0.0010467768,0.2580645161290322,0.000733912,True,2048
42,glutamatergic neuron,MAPT,0.0008533597,0.3548387096774194,0.0006797572,True,2048
42,glutamatergic neuron,FOXO3,0.00042241812,0.8709677419354839,0.00076734426,True,2048
42,glutamatergic neuron,HOMER1,0.0008382201,0.2580645161290322,0.00066314737,True,2048
43,oligodendrocyte,CADM2,0.001829803,0.1612903225806451,0.0011235276,True,2048
43,oligodendrocyte,NLGN1,0.0017139316,0.1935483870967742,0.0011389315,True,2048
43,oligodendrocyte,TCF4,0.000500381,0.8064516129032258,0.0011893868,True,2048
43,oligodendrocyte,APP,0.0019295812,0.064516129032258,0.0010174811,True,2048
43,oligodendrocyte,MAPT,0.0014283657,0.3870967741935484,0.0013068318,True,2048
43,oligodendrocyte,CREB1,0.00025337934,1.0,0.0012952666,True,2048
44,oligodendrocyte,CADM2,0.097818375,0.0967741935483871,0.09101917,True,2048
44,oligodendrocyte,NLGN1,0.097281635,0.2903225806451613,0.08460697,True,2048
44,oligodendrocyte,TCF4,0.09079081,0.7096774193548387,0.079558946,True,2048
44,oligodendrocyte,MEF2C,0.09009969,0.8387096774193549,0.08805367,True,2048
44,oligodendrocyte,APP,0.0984202,0.0967741935483871,0.090582326,True,2048
44,oligodendrocyte,MAPT,0.090023935,0.8064516129032258,0.08483002,True,2048
44,oligodendrocyte,DISC1,0.09144312,0.5161290322580645,0.07839944,True,2048
44,oligodendrocyte,FOXO3,0.0011153221,0.9032258064516128,0.084226705,True,2048
44,oligodendrocyte,CREB1,0.0893594,0.967741935483871,0.0917541,True,2048
45,glutamatergic neuron,CADM2,0.07741469,0.2903225806451613,0.038438186,True,2048
45,glutamatergic neuron,NRXN1,0.0785929,0.1290322580645161,0.039977465,True,2048
45,glutamatergic neuron,NLGN1,0.024164677,0.5806451612903226,0.039791845,True,2048
45,glutamatergic neuron,NEGR1,0.076761484,0.2580645161290322,0.041469704,True,2048
45,glutamatergic neuron,TCF4,0.034049034,0.4193548387096774,0.043473642,True,2048
45,glutamatergic neuron,MEF2C,0.07770085,0.3548387096774194,0.053425107,True,2048
45,glutamatergic neuron,APP,0.03903842,0.2903225806451613,0.037501883,True,2048
45,glutamatergic neuron,GRIN2A,0.076274395,0.2258064516129032,0.03751351,True,2048
45,glutamatergic neuron,GRIN2B,0.07744104,0.1935483870967742,0.04103712,True,2048
45,glutamatergic neuron,MAPT,0.016110957,1.0,0.034667,True,2048
45,glutamatergic neuron,SCN1A,0.021810353,0.7419354838709677,0.04159755,True,2048
45,glutamatergic neuron,CAMK2A,0.078091204,0.1290322580645161,0.038644277,True,2048
45,glutamatergic neuron,HOMER1,0.07829237,0.0967741935483871,0.02926094,True,2048
46,oligodendrocyte,CADM2,0.00045782328,0.7096774193548387,0.0005808532,True,2048
46,oligodendrocyte,NLGN1,0.00084364414,0.3225806451612903,0.00071371,True,2048
46,oligodendrocyte,NEGR1,0.0007804632,0.4516129032258064,0.00065594714,True,2048
46,oligodendrocyte,APP,0.000977695,0.1290322580645161,0.0007110079,True,2048
46,oligodendrocyte,MAPT,0.00044214725,0.6451612903225806,0.00059723656,True,2048
46,oligodendrocyte,DISC1,4.518032e-05,1.0,0.0006670813,True,2048
46,oligodendrocyte,CREB1,0.0008304119,0.2903225806451613,0.00067287486,True,2048
47,pvalb GABAergic cortical interneuron,CADM2,0.00412637,0.4193548387096774,0.004017979,True,2048
47,pvalb GABAergic cortical interneuron,NRXN1,0.010703623,0.1290322580645161,0.0049664737,True,2048
47,pvalb GABAergic cortical interneuron,NLGN1,0.012149036,0.064516129032258,0.004144277,True,2048
47,pvalb GABAergic cortical interneuron,TCF4,0.012106836,0.0967741935483871,0.004943023,True,2048
47,pvalb GABAergic cortical interneuron,GRIN2B,0.014542937,0.032258064516129,0.006435772,True,2048
47,pvalb GABAergic cortical interneuron,MAPT,0.00573951,0.2903225806451613,0.0045679808,True,2048
47,pvalb GABAergic cortical interneuron,SCN1A,0.0018157959,0.8064516129032258,0.0047974666,True,2048
47,pvalb GABAergic cortical interneuron,HOMER1,0.011683106,0.1290322580645161,0.0043447036,True,2048
48,glutamatergic neuron,CADM2,0.00087213516,0.6129032258064516,0.0016209821,True,2048
48,glutamatergic neuron,NRXN1,0.00295192,0.0967741935483871,0.001610603,True,2048
48,glutamatergic neuron,NLGN1,0.0007581711,0.7419354838709677,0.0018162429,True,2048
48,glutamatergic neuron,NEGR1,0.00241822,0.3548387096774194,0.0016827285,True,2048
48,glutamatergic neuron,MEF2C,0.0007285476,0.7419354838709677,0.0017773529,True,2048
48,glutamatergic neuron,APP,0.0005392432,0.8387096774193549,0.0019151509,True,2048
48,glutamatergic neuron,GRIN2A,0.0025578141,0.1935483870967742,0.0014976601,True,2048
48,glutamatergic neuron,GRIN2B,0.0023822784,0.4838709677419355,0.00172863,True,2048
48,glutamatergic neuron,MAPT,0.002728343,0.2258064516129032,0.001640439,True,2048
48,glutamatergic neuron,FOXO3,0.0020372868,0.5161290322580645,0.0017663757,True,2048
48,glutamatergic neuron,CAMK2A,0.00071293116,0.7096774193548387,0.0015823484,True,2048
48,glutamatergic neuron,HOMER1,0.0001628995,0.967741935483871,0.0015228947,True,2048
49,glutamatergic neuron,CADM2,0.0010302067,0.5483870967741935,0.0015550554,True,2048
49,glutamatergic neuron,NRXN1,0.0011836886,0.1935483870967742,0.0009329537,True,2048
49,glutamatergic neuron,NEGR1,0.0011089444,0.4193548387096774,0.006160629,True,2048
49,glutamatergic neuron,TCF4,0.00061523914,0.8709677419354839,0.002515628,True,2048
49,glutamatergic neuron,APP,0.0008325577,0.7096774193548387,0.0037627975,True,2048
49,glutamatergic neuron,GRIN2A,0.0004836917,0.7741935483870968,0.0024474799,True,2048
49,glutamatergic neuron,MAPT,0.0011614561,0.3225806451612903,0.002744754,True,2048
49,glutamatergic neuron,SCN1A,0.021889031,0.032258064516129,0.0017212132,True,2048
49,glutamatergic neuron,CAMK2A,0.019496918,0.1290322580645161,0.0051100175,True,2048
49,glutamatergic neuron,CREB1,0.00881964,0.1612903225806451,0.0039326786,True,2048
49,glutamatergic neuron,SYN1,0.0012147427,0.0967741935483871,0.0014766256,True,2048
50,oligodendrocyte,CADM2,0.09939921,0.1612903225806451,0.03907806,True,2048
50,oligodendrocyte,NLGN1,0.0009924769,0.6129032258064516,0.058154117,True,2048
50,oligodendrocyte,TCF4,0.0955165,0.3870967741935484,0.05475619,True,2048
50,oligodendrocyte,APP,0.09958094,0.1290322580645161,0.05509577,True,2048
50,oligodendrocyte,MAPT,0.00041359663,0.967741935483871,0.05862924,True,2048
50,oligodendrocyte,DISC1,0.09473789,0.3548387096774194,0.042274334,True,2048
50,oligodendrocyte,FOXO3,0.00018560886,0.967741935483871,0.05519258,True,2048
51,oligodendrocyte,CADM2,0.00041091442,0.8064516129032258,0.0013348281,True,811
51,oligodendrocyte,NLGN1,0.00053042173,0.7741935483870968,0.0015520136,True,811
51,oligodendrocyte,TCF4,0.00042837858,0.8709677419354839,0.0018157224,True,811
51,oligodendrocyte,APP,0.0012473464,0.5483870967741935,0.0013150196,True,811
51,oligodendrocyte,MAPT,0.00026381016,0.9032258064516128,0.0016786833,True,811
51,oligodendrocyte,HOMER1,0.0022923946,0.3870967741935484,0.001975429,True,811
51,oligodendrocyte,CREB1,0.0019387603,0.3548387096774194,0.0015513122,True,811
52,oligodendrocyte,CADM2,0.029032469,0.1612903225806451,0.0072633983,True,2048
52,oligodendrocyte,NLGN1,9.328127e-05,1.0,0.00742745,True,2048
52,oligodendrocyte,NEGR1,0.000100791454,0.935483870967742,0.0040398636,True,2048
52,oligodendrocyte,TCF4,0.00066161156,0.7741935483870968,0.00529478,True,2048
52,oligodendrocyte,APP,0.029207706,0.0967741935483871,0.0049815634,True,2048
52,oligodendrocyte,COMT,0.0013958812,0.5806451612903226,0.0063123684,True,2048
53,oligodendrocyte precursor cell,CADM2,0.0012280345,0.2903225806451613,0.00096368196,True,2048
53,oligodendrocyte precursor cell,NRXN1,0.000915885,0.5806451612903226,0.0009952803,True,2048
53,oligodendrocyte precursor cell,NLGN1,0.0009942651,0.6129032258064516,0.0010653416,True,2048
53,oligodendrocyte precursor cell,TCF4,0.001766026,0.1290322580645161,0.0008301,True,2048
53,oligodendrocyte precursor cell,APP,0.0010687113,0.3548387096774194,0.00089950167,True,2048
53,oligodendrocyte precursor cell,MAPT,0.00044739246,0.7096774193548387,0.0008605619,True,2048
53,oligodendrocyte precursor cell,SCN1A,0.0009806156,0.3870967741935484,0.00076838135,True,2048
53,oligodendrocyte precursor cell,DISC1,0.001324594,0.3548387096774194,0.0010218859,True,2048
53,oligodendrocyte precursor cell,HOMER1,0.0012041926,0.2903225806451613,0.00095583004,True,2048
53,oligodendrocyte precursor cell,CREB1,0.0018634796,0.064516129032258,0.0009197215,True,2048
54,oligodendrocyte,CADM2,0.006252408,0.6129032258064516,0.008114199,True,2048
54,oligodendrocyte,NEGR1,0.010416865,0.3225806451612903,0.008966181,True,2048
54,oligodendrocyte,TCF4,0.011800587,0.2580645161290322,0.008455147,True,2048
54,oligodendrocyte,APP,0.0065646768,0.7096774193548387,0.010332974,True,2048
54,oligodendrocyte,SHANK3,0.000115931034,0.9032258064516128,0.0073377253,True,2048
55,oligodendrocyte,CADM2,0.0029244423,0.1935483870967742,0.0018035531,True,2048
55,oligodendrocyte,NLGN1,0.0026028156,0.3548387096774194,0.002126028,True,2048
55,oligodendrocyte,TCF4,0.0028675199,0.2258064516129032,0.0021918437,True,2048
55,oligodendrocyte,APP,0.0031077266,0.1290322580645161,0.0023890594,True,2048
55,oligodendrocyte,MAPT,0.0027604103,0.4193548387096774,0.0021209796,True,2048
55,oligodendrocyte,DISC1,0.0005994439,0.9032258064516128,0.0022703588,True,2048
56,pvalb GABAergic cortical interneuron,NRXN1,0.009891868,0.6774193548387096,0.013612542,True,2048
56,pvalb GABAergic cortical interneuron,NLGN1,0.0011982322,1.0,0.014588058,True,2048
56,pvalb GABAergic cortical interneuron,NEGR1,0.008877397,0.7419354838709677,0.014179494,True,2048
56,pvalb GABAergic cortical interneuron,TCF4,0.018567026,0.2258064516129032,0.013362716,True,2048
56,pvalb GABAergic cortical interneuron,MEF2C,0.018535376,0.3548387096774194,0.014094039,True,2048
56,pvalb GABAergic cortical interneuron,APP,0.018714607,0.4193548387096774,0.013801757,True,2048
56,pvalb GABAergic cortical interneuron,GRIN2A,0.018617392,0.3870967741935484,0.013802211,True,2048
56,pvalb GABAergic cortical interneuron,GRIN2B,0.019058108,0.1290322580645161,0.013326039,True,2048
56,pvalb GABAergic cortical interneuron,MAPT,0.018924415,0.064516129032258,0.012448575,True,2048
56,pvalb GABAergic cortical interneuron,SCN1A,0.018574297,0.2903225806451613,0.01441593,True,2048
56,pvalb GABAergic cortical interneuron,HOMER1,0.009291351,0.7096774193548387,0.013683109,True,2048
57,glutamatergic neuron,CADM2,0.008274078,0.4838709677419355,0.0077313106,True,2048
57,glutamatergic neuron,NRXN1,0.013523519,0.2580645161290322,0.007613645,True,2048
57,glutamatergic neuron,NLGN1,0.009948015,0.2903225806451613,0.007830211,True,2048
57,glutamatergic neuron,NEGR1,0.011289537,0.5161290322580645,0.0090329945,True,2048
57,glutamatergic neuron,TCF4,0.01195389,0.3225806451612903,0.008126625,True,2048
57,glutamatergic neuron,MEF2C,0.015062809,0.064516129032258,0.0070906896,True,2048
57,glutamatergic neuron,GRIN2A,0.0132552385,0.1290322580645161,0.0075569986,True,2048
57,glutamatergic neuron,MAPT,0.004313469,0.6451612903225806,0.008451963,True,2048
57,glutamatergic neuron,SCN1A,0.00819993,0.4838709677419355,0.008147569,True,2048
57,glutamatergic neuron,FOXO3,0.0058845878,0.5806451612903226,0.008819534,True,2048
57,glutamatergic neuron,CAMK2A,0.015232086,0.064516129032258,0.007254497,True,2048
57,glutamatergic neuron,HOMER1,0.015114963,0.064516129032258,0.007817265,True,2048
57,glutamatergic neuron,CREB1,0.0047106147,0.5161290322580645,0.0071406504,True,2048
57,glutamatergic neuron,BDNF,0.014210463,0.1290322580645161,0.008819342,True,2048
58,glutamatergic neuron,CADM2,0.0007573366,0.4516129032258064,0.00093958975,True,2048
58,glutamatergic neuron,NRXN1,0.0024599433,0.1612903225806451,0.0015122474,True,2048
58,glutamatergic neuron,NLGN1,0.0023095608,0.2580645161290322,0.0050813276,True,2048
58,glutamatergic neuron,NEGR1,0.00073063374,0.2580645161290322,0.00077639817,True,2048
58,glutamatergic neuron,TCF4,0.00092464685,0.2903225806451613,0.0015204251,True,2048
58,glutamatergic neuron,MEF2C,0.00075250864,0.4193548387096774,0.0019809087,True,2048
58,glutamatergic neuron,GRIN2A,0.0023095608,0.1612903225806451,0.0012338499,True,2048
58,glutamatergic neuron,GRIN2B,0.00070750713,0.4193548387096774,0.0014198204,True,2048
58,glutamatergic neuron,MAPT,0.00066274405,0.4838709677419355,0.0017965575,True,2048
58,glutamatergic neuron,SCN1A,0.00065636635,0.4838709677419355,0.0012468934,True,2048
58,glutamatergic neuron,FOXO3,0.00028443336,0.8387096774193549,0.0012092014,True,2048
58,glutamatergic neuron,HOMER1,0.0022718906,0.1612903225806451,0.0014808277,True,2048
58,glutamatergic neuron,CREB1,0.00017434359,0.9032258064516128,0.0007933835,True,2048
59,oligodendrocyte,CADM2,0.032121837,0.1612903225806451,0.030238401,True,2048
59,oligodendrocyte,NLGN1,0.030314267,0.5161290322580645,0.031901184,True,2048
59,oligodendrocyte,NEGR1,0.03081274,0.2258064516129032,0.028700264,True,2048
59,oligodendrocyte,TCF4,0.030293107,0.3548387096774194,0.031184917,True,2048
59,oligodendrocyte,APP,0.030181825,0.4838709677419355,0.030039018,True,2048
59,oligodendrocyte,MAPT,0.032244265,0.2903225806451613,0.032618225,True,2048
60,glutamatergic neuron,CADM2,0.0010998845,0.4838709677419355,0.0010978976,True,2048
60,glutamatergic neuron,NRXN1,0.0011742711,0.3548387096774194,0.0010090411,True,2048
60,glutamatergic neuron,NLGN1,0.0026946664,0.032258064516129,0.00089847646,True,2048
60,glutamatergic neuron,NEGR1,0.0025154352,0.032258064516129,0.0008384228,True,2048
60,glutamatergic neuron,TCF4,0.00063210726,0.6451612903225806,0.0008201381,True,2048
60,glutamatergic neuron,MEF2C,0.0007868409,0.6774193548387096,0.0009873112,True,2048
60,glutamatergic neuron,APP,0.0011688471,0.3225806451612903,0.0010266363,True,2048
60,glutamatergic neuron,GRIN2A,0.0014457107,0.1612903225806451,0.000895381,True,2048
60,glutamatergic neuron,GRIN2B,0.0010814667,0.2903225806451613,0.00081230403,True,2048
60,glutamatergic neuron,SCN1A,0.0013286471,0.1612903225806451,0.00076757075,True,2048
60,glutamatergic neuron,HOMER1,0.0007801056,0.5806451612903226,0.00095068413,True,2048
61,glutamatergic neuron,CADM2,0.0022153258,0.0967741935483871,0.0016033213,True,2048
61,glutamatergic neuron,NRXN1,0.0015197396,0.4838709677419355,0.0015095313,True,2048
61,glutamatergic neuron,NEGR1,0.0013836622,0.7419354838709677,0.0015673817,True,2048
61,glutamatergic neuron,TCF4,0.0018770695,0.2903225806451613,0.0016594172,True,2048
61,glutamatergic neuron,MEF2C,0.001390934,0.8387096774193549,0.0016561012,True,2048
61,glutamatergic neuron,APP,0.0017206073,0.2903225806451613,0.0025353848,True,2048
61,glutamatergic neuron,GRIN2A,0.0018159151,0.2258064516129032,0.0015913983,True,2048
61,glutamatergic neuron,GRIN2B,0.0015770197,0.3548387096774194,0.0014573097,True,2048
61,glutamatergic neuron,MAPT,0.0017956495,0.2580645161290322,0.0015516996,True,2048
61,glutamatergic neuron,FOXO3,0.0016872883,0.1612903225806451,0.0014334678,True,2048
61,glutamatergic neuron,CAMK2A,0.0016921759,0.2903225806451613,0.0015486737,True,2048
61,glutamatergic neuron,HOMER1,0.0015816092,0.2903225806451613,0.001470532,True,2048
61,glutamatergic neuron,SYN1,0.0016531348,0.4516129032258064,0.0017714779,True,2048
62,glutamatergic neuron,CADM2,0.0011262298,0.1935483870967742,0.00070724887,True,2048
62,glutamatergic neuron,NRXN1,0.001386106,0.1935483870967742,0.00082649785,True,2048
62,glutamatergic neuron,NLGN1,0.00064367056,0.7419354838709677,0.0008916557,True,2048
62,glutamatergic neuron,NEGR1,0.0015166998,0.032258064516129,0.0007516404,True,2048
62,glutamatergic neuron,TCF4,0.00063693523,0.7419354838709677,0.000805519,True,2048
62,glutamatergic neuron,MEF2C,0.0016807318,0.032258064516129,0.00074252486,True,2048
62,glutamatergic neuron,APP,0.0015671253,0.064516129032258,0.00071653526,True,2048
62,glutamatergic neuron,GRIN2A,0.0006480813,0.6774193548387096,0.0007284184,True,2048
62,glutamatergic neuron,MAPT,0.0005853176,0.7419354838709677,0.00075845124,True,2048
62,glutamatergic neuron,SCN1A,0.0015173554,0.2258064516129032,0.0009188374,True,2048
62,glutamatergic neuron,FOXO3,0.00034832954,0.8709677419354839,0.0008945783,True,2048
62,glutamatergic neuron,CAMK2A,0.0013164878,0.1935483870967742,0.00081624783,True,2048
62,glutamatergic neuron,HOMER1,0.0012749434,0.1290322580645161,0.0007115801,True,2048
62,glutamatergic neuron,SYN1,0.00039988756,0.935483870967742,0.00085761945,True,2048
62,glutamatergic neuron,BDNF,0.0016611814,0.032258064516129,0.0008296549,True,2048
63,oligodendrocyte,CADM2,0.00041234493,0.8387096774193549,0.000996995,True,2048
63,oligodendrocyte,NLGN1,0.00058567524,0.6774193548387096,0.00086615083,True,2048
63,oligodendrocyte,TCF4,0.00029456615,0.9032258064516128,0.0026167412,True,2048
63,oligodendrocyte,APP,0.0015906096,0.064516129032258,0.0008872688,True,2048
63,oligodendrocyte,MAPT,0.00038045645,0.967741935483871,0.0010088941,True,2048
63,oligodendrocyte,FOXO3,0.00072807074,0.5483870967741935,0.0009781679,True,2048
63,oligodendrocyte,CREB1,0.00096327066,0.3870967741935484,0.00084549584,True,2048
63,oligodendrocyte,SHANK3,0.0015311837,0.0967741935483871,0.0008205374,True,2048
64,oligodendrocyte,CADM2,0.006589651,0.2903225806451613,0.005297943,True,2048
64,oligodendrocyte,NLGN1,0.00033426285,0.9032258064516128,0.0049931426,True,2048
64,oligodendrocyte,APP,0.005622387,0.3548387096774194,0.0043078004,True,2048
64,oligodendrocyte,MAPT,0.0069256425,0.2580645161290322,0.0045974613,True,2048
64,oligodendrocyte,CREB1,0.004196048,0.8064516129032258,0.0046505868,True,2048
65,astrocyte,NRXN1,0.0004131794,0.935483870967742,0.000609082,True,2048
65,astrocyte,TCF4,0.00069242716,0.4838709677419355,0.00074813364,True,2048
65,astrocyte,MAPT,0.00027638674,0.935483870967742,0.0006012797,True,2048
65,astrocyte,FMR1,0.0005290508,0.8064516129032258,0.0006902873,True,2048
66,oligodendrocyte,CADM2,0.0013660192,0.2580645161290322,0.0008591374,True,2048
66,oligodendrocyte,TCF4,0.00022614002,0.8064516129032258,0.00090272626,True,2048
66,oligodendrocyte,APP,0.0014693737,0.2258064516129032,0.0010026853,True,2048
66,oligodendrocyte,MAPT,0.0011937022,0.2580645161290322,0.00061739085,True,2048
66,oligodendrocyte,DISC1,0.0010536909,0.4516129032258064,0.0008061389,True,2048
67,oligodendrocyte,CADM2,0.00040972233,0.967741935483871,0.023626063,True,1481
67,oligodendrocyte,NLGN1,0.0010747313,0.8387096774193549,0.021419108,True,1481
67,oligodendrocyte,NEGR1,2.7775764e-05,1.0,0.022605097,True,1481
67,oligodendrocyte,MAPT,0.005432844,0.7096774193548387,0.021312725,True,1481
68,glutamatergic neuron,CADM2,0.057283044,0.064516129032258,0.0530162,True,2048
68,glutamatergic neuron,NRXN1,0.055775523,0.3225806451612903,0.050455283,True,2048
68,glutamatergic neuron,NLGN1,0.05069667,0.935483870967742,0.051607292,True,2048
68,glutamatergic neuron,NEGR1,0.05618906,0.1612903225806451,0.052025393,True,2048
68,glutamatergic neuron,TCF4,0.05144155,0.8387096774193549,0.04890263,True,2048
68,glutamatergic neuron,MEF2C,0.05624342,0.1612903225806451,0.052134823,True,2048
68,glutamatergic neuron,APP,0.05563438,0.1612903225806451,0.05141376,True,2048
68,glutamatergic neuron,GRIN2A,0.05792868,0.032258064516129,0.05177621,True,2048
68,glutamatergic neuron,GRIN2B,0.05523449,0.2580645161290322,0.051578227,True,2048
68,glutamatergic neuron,MAPT,0.058170497,0.064516129032258,0.04991355,True,2048
68,glutamatergic neuron,SCN1A,0.055946052,0.2580645161290322,0.053843897,True,2048
68,glutamatergic neuron,FOXO3,0.00024914742,1.0,0.050186638,True,2048
68,glutamatergic neuron,CAMK2A,0.06016743,0.032258064516129,0.050192017,True,2048
68,glutamatergic neuron,HOMER1,0.05677241,0.1290322580645161,0.05344783,True,2048
68,glutamatergic neuron,SHANK3,0.055264115,0.2903225806451613,0.05326414,True,2048
68,glutamatergic neuron,SYN1,0.05506456,0.1612903225806451,0.048123796,True,2048
69,glutamatergic neuron,CADM2,0.0011134744,0.1935483870967742,0.0007770936,True,2048
69,glutamatergic neuron,NRXN1,0.00083482265,0.4838709677419355,0.00086354016,True,2048
69,glutamatergic neuron,NEGR1,0.0018119216,0.032258064516129,0.00081211526,True,2048
69,glutamatergic neuron,TCF4,0.0010608435,0.2258064516129032,0.0006876151,True,2048
69,glutamatergic neuron,MEF2C,0.00087720156,0.2258064516129032,0.0006943345,True,2048
69,glutamatergic neuron,APP,0.0002810955,0.935483870967742,0.000976938,True,2048
69,glutamatergic neuron,GRIN2A,0.00060480833,0.7096774193548387,0.0009130816,True,2048
69,glutamatergic neuron,MAPT,0.00092715025,0.4193548387096774,0.0009215613,True,2048
69,glutamatergic neuron,SCN1A,0.0010916591,0.2580645161290322,0.0009254058,True,2048
69,glutamatergic neuron,CAMK2A,0.00059849024,0.5483870967741935,0.00078674353,True,2048
69,glutamatergic neuron,HOMER1,0.0017130375,0.064516129032258,0.00085578364,True,2048
70,oligodendrocyte,CADM2,0.07074398,0.1935483870967742,0.043241423,True,2048
70,oligodendrocyte,NLGN1,0.06728226,0.3548387096774194,0.048298795,True,2048
70,oligodendrocyte,TCF4,0.0033533573,0.7419354838709677,0.04232544,True,2048
70,oligodendrocyte,APP,0.072057724,0.1612903225806451,0.054987684,True,2048
70,oligodendrocyte,HOMER1,0.0029627085,0.8387096774193549,0.03973768,True,2048
70,oligodendrocyte,COMT,0.0031076074,0.7419354838709677,0.033669483,True,2048
70,oligodendrocyte,SHANK3,0.06381887,0.5161290322580645,0.048799746,True,2048
71,glutamatergic neuron,CADM2,0.05871737,0.3548387096774194,0.056125265,True,2048
71,glutamatergic neuron,NRXN1,0.0569731,0.5806451612903226,0.05402673,True,2048
71,glutamatergic neuron,NLGN1,0.055724323,0.8709677419354839,0.055669706,True,2048
71,glutamatergic neuron,NEGR1,0.06345892,0.032258064516129,0.05784611,True,2048
71,glutamatergic neuron,TCF4,0.058566153,0.3870967741935484,0.054205608,True,2048
71,glutamatergic neuron,MEF2C,0.060811102,0.032258064516129,0.05369297,True,2048
71,glutamatergic neuron,GRIN2A,0.058633387,0.2258064516129032,0.05354126,True,2048
71,glutamatergic neuron,MAPT,0.05908656,0.3225806451612903,0.057974163,True,2048
71,glutamatergic neuron,SCN1A,0.054252625,0.967741935483871,0.055755284,True,2048
71,glutamatergic neuron,FOXO3,0.05819285,0.2903225806451613,0.053359568,True,2048
71,glutamatergic neuron,CAMK2A,0.05979836,0.1935483870967742,0.055977393,True,2048
71,glutamatergic neuron,FMR1,0.0003901124,0.967741935483871,0.051708143,True,2048
71,glutamatergic neuron,BDNF,0.05738479,0.6774193548387096,0.05598179,True,2048
72,oligodendrocyte,CADM2,0.00016331673,0.935483870967742,0.0009498636,True,1447
72,oligodendrocyte,NLGN1,5.543232e-05,1.0,0.0010603487,True,1447
72,oligodendrocyte,TCF4,3.0040741e-05,1.0,0.0011601608,True,1447
72,oligodendrocyte,APP,0.0012574196,0.2903225806451613,0.0009793142,True,1447
72,oligodendrocyte,MAPT,0.0019025803,0.032258064516129,0.0008553525,True,1447
72,oligodendrocyte,FOXO3,0.0016195178,0.1290322580645161,0.0010184069,True,1447
73,oligodendrocyte precursor cell,CADM2,0.008740962,0.064516129032258,0.0058329683,True,2048
73,oligodendrocyte precursor cell,NRXN1,0.008485436,0.0967741935483871,0.0045469482,True,2048
73,oligodendrocyte precursor cell,NLGN1,0.0075538754,0.2903225806451613,0.0058350186,True,2048
73,oligodendrocyte precursor cell,NEGR1,0.0012431741,0.7419354838709677,0.004606048,True,2048
73,oligodendrocyte precursor cell,TCF4,0.008324802,0.1612903225806451,0.0043546935,True,2048
73,oligodendrocyte precursor cell,APP,0.007294059,0.3548387096774194,0.005044655,True,2048
73,oligodendrocyte precursor cell,GRIN2B,0.0012780428,0.6129032258064516,0.0044803224,True,2048
73,oligodendrocyte precursor cell,MAPT,0.00071406364,0.9032258064516128,0.004960245,True,2048
73,oligodendrocyte precursor cell,SCN1A,0.008066177,0.1290322580645161,0.004844385,True,2048
73,oligodendrocyte precursor cell,DISC1,0.007794678,0.1935483870967742,0.005013925,True,2048
73,oligodendrocyte precursor cell,HOMER1,0.007286787,0.3548387096774194,0.004517372,True,2048
73,oligodendrocyte precursor cell,CREB1,0.0013819933,0.7096774193548387,0.0051969765,True,2048
73,oligodendrocyte precursor cell,SHANK3,0.0009261966,0.8064516129032258,0.0054333387,True,2048
73,oligodendrocyte precursor cell,FMR1,0.0010918379,0.7419354838709677,0.004936719,True,2048
74,pvalb GABAergic cortical interneuron,CADM2,0.0013142228,0.5806451612903226,0.0013227622,True,2048
74,pvalb GABAergic cortical interneuron,NLGN1,0.0018381476,0.1612903225806451,0.0012441396,True,2048
74,pvalb GABAergic cortical interneuron,NEGR1,0.0016859174,0.2903225806451613,0.0013554593,True,2048
74,pvalb GABAergic cortical interneuron,TCF4,0.002172172,0.064516129032258,0.0012322147,True,2048
74,pvalb GABAergic cortical interneuron,MEF2C,0.0015938878,0.3548387096774194,0.0011434674,True,2048
74,pvalb GABAergic cortical interneuron,GRIN2A,0.0009402633,0.6774193548387096,0.0011879385,True,2048
74,pvalb GABAergic cortical interneuron,GRIN2B,0.0021930933,0.0967741935483871,0.0014089803,True,2048
74,pvalb GABAergic cortical interneuron,MAPT,0.0015596151,0.5806451612903226,0.001322488,True,2048
74,pvalb GABAergic cortical interneuron,SCN1A,0.0014922023,0.6451612903225806,0.0014888863,True,2048
74,pvalb GABAergic cortical interneuron,FOXO3,0.0013048649,0.5806451612903226,0.0012974183,True,2048
74,pvalb GABAergic cortical interneuron,CREB1,0.0007019043,0.967741935483871,0.0015068273,True,2048
75,oligodendrocyte,CADM2,0.016425848,0.2258064516129032,0.012612839,True,1820
75,oligodendrocyte,NLGN1,0.013315916,0.7419354838709677,0.0125079695,True,1820
75,oligodendrocyte,NEGR1,0.0011966825,0.8387096774193549,0.011661005,True,1820
75,oligodendrocyte,TCF4,0.00062066317,0.935483870967742,0.012556465,True,1820
75,oligodendrocyte,MEF2C,0.00064754486,0.967741935483871,0.012203574,True,1820
75,oligodendrocyte,APP,0.014605582,0.5483870967741935,0.014125256,True,1820
75,oligodendrocyte,MAPT,0.016935527,0.2903225806451613,0.013879673,True,1820
75,oligodendrocyte,FOXO3,0.013596892,0.6774193548387096,0.01303639,True,1820
75,oligodendrocyte,SHANK3,0.017071545,0.1612903225806451,0.013112072,True,1820
76,glutamatergic neuron,CADM2,0.010397673,0.0967741935483871,0.0074367207,True,2048
76,glutamatergic neuron,NRXN1,0.0096690655,0.5483870967741935,0.0074465135,True,2048
76,glutamatergic neuron,NEGR1,0.009756684,0.2258064516129032,0.007816261,True,2048
76,glutamatergic neuron,TCF4,0.010252953,0.1290322580645161,0.008277271,True,2048
76,glutamatergic neuron,MEF2C,0.010078549,0.2258064516129032,0.00797317,True,2048
76,glutamatergic neuron,APP,0.009962022,0.1612903225806451,0.008484968,True,2048
76,glutamatergic neuron,GRIN2A,0.0105755925,0.032258064516129,0.008178979,True,2048
76,glutamatergic neuron,GRIN2B,0.009194195,0.7419354838709677,0.008372966,True,2048
76,glutamatergic neuron,MAPT,0.0098336935,0.2903225806451613,0.008616451,True,2048
76,glutamatergic neuron,CAMK2A,0.009709299,0.3870967741935484,0.008394277,True,2048
76,glutamatergic neuron,HOMER1,0.009355128,0.6129032258064516,0.007842678,True,2048
76,glutamatergic neuron,SYN1,0.00012648106,0.967741935483871,0.0075284718,True,2048
76,glutamatergic neuron,BDNF,0.009100854,0.8064516129032258,0.008710561,True,2048
77,oligodendrocyte,CADM2,0.01040715,0.5161290322580645,0.00935295,True,2048
77,oligodendrocyte,NLGN1,0.01536566,0.4838709677419355,0.010515944,True,2048
77,oligodendrocyte,TCF4,0.015768945,0.3870967741935484,0.014141875,True,2048
77,oligodendrocyte,APP,0.012876391,0.3548387096774194,0.010057483,True,2048
77,oligodendrocyte,GRIN2A,0.016525328,0.3548387096774194,0.010763516,True,2048
77,oligodendrocyte,MAPT,0.012128115,0.5806451612903226,0.011621402,True,2048
77,oligodendrocyte,CREB1,0.001205802,0.8709677419354839,0.011098693,True,2048
78,oligodendrocyte,TCF4,0.00068843365,0.967741935483871,0.010157515,True,2048
78,oligodendrocyte,APP,0.012070119,0.2903225806451613,0.009779104,True,2048
78,oligodendrocyte,SHANK3,0.012421966,0.1290322580645161,0.00672518,True,2048
79,oligodendrocyte,CADM2,0.00093764067,0.1612903225806451,0.0007726789,True,2048
79,oligodendrocyte,NLGN1,0.0010182858,0.1290322580645161,0.0007123669,True,2048
79,oligodendrocyte,NEGR1,0.00090920925,0.1935483870967742,0.00079018873,True,2048
79,oligodendrocyte,TCF4,0.00092196465,0.2258064516129032,0.00063208543,True,2048
79,oligodendrocyte,APP,0.0006555915,0.5161290322580645,0.0007702907,True,2048
79,oligodendrocyte,MAPT,0.00081169605,0.5806451612903226,0.00083568494,True,2048
79,oligodendrocyte,FOXO3,0.0006943345,0.5483870967741935,0.000661091,True,2048
79,oligodendrocyte,CAMK2A,0.00017249584,0.967741935483871,0.0007237872,True,2048
79,oligodendrocyte,FMR1,0.000644505,0.6774193548387096,0.00063961546,True,2048
80,GABAergic interneuron,CADM2,0.004226804,0.1290322580645161,0.002317675,True,2048
80,GABAergic interneuron,NRXN1,0.0010240078,0.8064516129032258,0.002600785,True,2048
80,GABAergic interneuron,NLGN1,0.003097713,0.3225806451612903,0.0022610128,True,2048
80,GABAergic interneuron,NEGR1,0.004163444,0.1290322580645161,0.0020519933,True,2048
80,GABAergic interneuron,TCF4,0.0042300224,0.1290322580645161,0.0024644036,True,2048
80,GABAergic interneuron,MEF2C,0.0048630238,0.032258064516129,0.0023303053,True,2048
80,GABAergic interneuron,GRIN2A,0.0024200082,0.6129032258064516,0.0024380286,True,2048
80,GABAergic interneuron,GRIN2B,0.0047336817,0.064516129032258,0.0023181736,True,2048
80,GABAergic interneuron,MAPT,0.0010115504,0.8387096774193549,0.0022105495,True,2048
80,GABAergic interneuron,SCN1A,0.0016050339,0.6129032258064516,0.0021063585,True,2048
80,GABAergic interneuron,FOXO3,0.001155436,0.8064516129032258,0.0025840064,True,2048
80,GABAergic interneuron,CAMK2A,0.002661705,0.3548387096774194,0.0022299667,True,2048
80,GABAergic interneuron,HOMER1,0.000872314,0.9032258064516128,0.0024946432,True,2048
80,GABAergic interneuron,SYN1,0.001928091,0.6129032258064516,0.0021577715,True,2048
81,oligodendrocyte,CADM2,0.0076571703,0.032258064516129,0.0016998649,True,2048
81,oligodendrocyte,NLGN1,0.0075597763,0.032258064516129,0.0016721586,True,2048
81,oligodendrocyte,TCF4,0.006311059,0.1935483870967742,0.0022754034,True,2048
81,oligodendrocyte,APP,0.0012947321,0.3870967741935484,0.003049499,True,2048
81,oligodendrocyte,MAPT,0.000977993,0.6451612903225806,0.0026509066,True,2048
81,oligodendrocyte,FOXO3,0.0010941029,0.5806451612903226,0.0019243697,True,2048
81,oligodendrocyte,COMT,0.00018829107,1.0,0.0032397786,True,2048
82,oligodendrocyte,CADM2,4.5120716e-05,0.9032258064516128,0.0008298794,True,1789
82,oligodendrocyte,NLGN1,0.000651598,0.7741935483870968,0.002498305,True,1789
82,oligodendrocyte,NEGR1,3.0219555e-05,0.967741935483871,0.0007731954,True,1789
82,oligodendrocyte,TCF4,4.839897e-05,0.8387096774193549,0.0007603109,True,1789
82,oligodendrocyte,APP,0.00023472309,0.8387096774193549,0.0006702403,True,1789
82,oligodendrocyte,DISC1,3.1769276e-05,0.967741935483871,0.0008694589,True,1789
82,oligodendrocyte,FOXO3,0.0015855432,0.1612903225806451,0.0008774996,True,1789
82,oligodendrocyte,COMT,0.0003131628,0.7419354838709677,0.000734663,True,1789
83,oligodendrocyte,CADM2,0.0015391111,0.2580645161290322,0.001030008,True,1918
83,oligodendrocyte,NLGN1,0.0018568635,0.1290322580645161,0.0010300119,True,1918
83,oligodendrocyte,TCF4,0.00071007013,0.5161290322580645,0.0010128538,True,1918
83,oligodendrocyte,APP,0.0017060041,0.2903225806451613,0.0012878637,True,1918
83,oligodendrocyte,MAPT,0.0005044937,0.6774193548387096,0.0011982997,True,1918
83,oligodendrocyte,FOXO3,0.0016120672,0.3548387096774194,0.0012123208,True,1918
83,oligodendrocyte,CREB1,0.0014882684,0.5161290322580645,0.0014194965,True,1918
83,oligodendrocyte,SHANK3,0.0018386245,0.1935483870967742,0.0012878279,True,1918
84,GABAergic interneuron,NRXN1,0.0006070733,0.935483870967742,0.0026753803,True,2048
84,GABAergic interneuron,NLGN1,0.0011652708,0.4193548387096774,0.0010004024,True,2048
84,GABAergic interneuron,NEGR1,0.0010945201,0.5161290322580645,0.0009663383,True,2048
84,GABAergic interneuron,TCF4,0.0010972619,0.6129032258064516,0.00095737376,True,2048
84,GABAergic interneuron,MEF2C,0.0011668801,0.3548387096774194,0.0010086596,True,2048
84,GABAergic interneuron,APP,0.0008239746,0.6451612903225806,0.0009333511,True,2048
84,GABAergic interneuron,GRIN2A,0.0011724234,0.3870967741935484,0.0010608375,True,2048
84,GABAergic interneuron,GRIN2B,0.0013138652,0.2258064516129032,0.0010767202,True,2048
84,GABAergic interneuron,MAPT,0.0011510253,0.4838709677419355,0.0010639688,True,2048
84,GABAergic interneuron,SCN1A,0.0012781024,0.2580645161290322,0.001108702,True,2048
84,GABAergic interneuron,FOXO3,0.0012751818,0.064516129032258,0.0010338763,True,2048
84,GABAergic interneuron,CAMK2A,0.0006033778,0.935483870967742,0.00097275374,True,2048
84,GABAergic interneuron,HOMER1,0.0013082623,0.1612903225806451,0.0010131856,True,2048
84,GABAergic interneuron,CREB1,0.0005826354,1.0,0.0027637084,True,2048
84,GABAergic interneuron,FMR1,0.00041162968,1.0,0.0009897272,True,2048
85,glutamatergic neuron,CADM2,0.00055098534,0.6774193548387096,0.0008131822,True,2048
85,glutamatergic neuron,NRXN1,0.0018374324,0.0967741935483871,0.0023538987,True,2048
85,glutamatergic neuron,NLGN1,0.0012620687,0.3548387096774194,0.0009117146,True,2048
85,glutamatergic neuron,NEGR1,0.001255393,0.1290322580645161,0.000788792,True,2048
85,glutamatergic neuron,MEF2C,0.0004748106,0.8064516129032258,0.0008559704,True,2048
85,glutamatergic neuron,APP,0.001362741,0.1290322580645161,0.0008914391,True,2048
85,glutamatergic neuron,GRIN2B,0.0010669231,0.2903225806451613,0.00082018174,True,2048
85,glutamatergic neuron,MAPT,0.0012793541,0.2580645161290322,0.000864017,True,2048
85,glutamatergic neuron,FOXO3,0.0012931824,0.3225806451612903,0.0009209156,True,2048
85,glutamatergic neuron,CAMK2A,0.00055372715,0.7096774193548387,0.0022832453,True,2048
85,glutamatergic neuron,HOMER1,0.00090777874,0.5161290322580645,0.0012508552,True,2048
85,glutamatergic neuron,SHANK3,0.0012457371,0.064516129032258,0.000648731,True,2048
85,glutamatergic neuron,SYN1,0.0003925562,0.9032258064516128,0.0008498013,True,2048
86,oligodendrocyte,CADM2,0.00040400028,0.5483870967741935,0.0006631871,True,2048
86,oligodendrocyte,NLGN1,0.00013583899,0.8709677419354839,0.00092466077,True,2048
86,oligodendrocyte,TCF4,0.0003374219,0.7741935483870968,0.00082787074,True,2048
86,oligodendrocyte,APP,0.0012264848,0.3225806451612903,0.00091806054,True,2048
86,oligodendrocyte,MAPT,0.0012552142,0.3870967741935484,0.0010804057,True,2048
86,oligodendrocyte,DISC1,0.00010514259,0.935483870967742,0.0010150472,True,2048
86,oligodendrocyte,CAMK2A,0.00012344122,0.967741935483871,0.0010260324,True,2048
87,oligodendrocyte,CADM2,0.0024321675,0.1290322580645161,0.0013853769,True,2048
87,oligodendrocyte,NLGN1,0.00034302473,0.8064516129032258,0.0013443609,True,2048
87,oligodendrocyte,NEGR1,0.0005645752,0.8387096774193549,0.0012515545,True,2048
87,oligodendrocyte,TCF4,0.0016153455,0.5161290322580645,0.0013586958,True,2048
87,oligodendrocyte,APP,0.002708435,0.064516129032258,0.0013740162,True,2048
87,oligodendrocyte,MAPT,0.001617074,0.6451612903225806,0.0015799999,True,2048
87,oligodendrocyte,FMR1,0.00069361925,0.7096774193548387,0.0013339778,True,2048
88,oligodendrocyte,CADM2,0.0011430979,0.7419354838709677,0.0014707387,True,2048
88,oligodendrocyte,NLGN1,0.0015704632,0.1612903225806451,0.0013588985,True,2048
88,oligodendrocyte,TCF4,0.0012702346,0.5161290322580645,0.0013126294,True,2048
88,oligodendrocyte,APP,0.0010754466,0.6774193548387096,0.001898551,True,2048
88,oligodendrocyte,GRIN2A,0.001222074,0.5161290322580645,0.0012179355,True,2048
88,oligodendrocyte,MAPT,0.00158149,0.1612903225806451,0.0012822886,True,2048
88,oligodendrocyte,FOXO3,0.0011025071,0.7741935483870968,0.0012417574,True,2048
89,glutamatergic neuron,CADM2,0.002918303,0.8064516129032258,0.0033894877,True,2048
89,glutamatergic neuron,NRXN1,0.003557384,0.2903225806451613,0.0031377634,True,2048
89,glutamatergic neuron,NLGN1,0.003990829,0.1935483870967742,0.0033076266,True,2048
89,glutamatergic neuron,NEGR1,0.0028492808,0.8709677419354839,0.0032794476,True,2048
89,glutamatergic neuron,TCF4,0.0049939156,0.064516129032258,0.003124694,True,2048
89,glutamatergic neuron,MEF2C,0.003419578,0.5483870967741935,0.0036169568,True,2048
89,glutamatergic neuron,APP,0.0050525665,0.064516129032258,0.0033689598,True,2048
89,glutamatergic neuron,GRIN2A,0.0031079054,0.7096774193548387,0.0037326077,True,2048
89,glutamatergic neuron,GRIN2B,0.0052316785,0.1935483870967742,0.0034879884,True,2048
89,glutamatergic neuron,MAPT,0.0053145885,0.1290322580645161,0.0034149268,True,2048
89,glutamatergic neuron,HOMER1,0.004089296,0.1290322580645161,0.0031832715,True,2048
89,glutamatergic neuron,CREB1,0.003077507,0.7096774193548387,0.003318109,True,2048
90,oligodendrocyte,CADM2,0.036267042,0.3548387096774194,0.021389347,True,2048
90,oligodendrocyte,NLGN1,0.0017200708,0.6774193548387096,0.017910952,True,2048
90,oligodendrocyte,TCF4,0.0016881824,0.7741935483870968,0.02214232,True,2048
90,oligodendrocyte,APP,0.0015979409,0.8387096774193549,0.017875386,True,2048
90,oligodendrocyte,MAPT,0.03701043,0.1290322580645161,0.020068428,True,2048
90,oligodendrocyte,FOXO3,0.0016387701,0.8387096774193549,0.027187314,True,2048
91,glutamatergic neuron,CADM2,0.0034347773,0.064516129032258,0.0018107652,True,2048
91,glutamatergic neuron,NRXN1,0.0022717714,0.2903225806451613,0.0017094632,True,2048
91,glutamatergic neuron,NEGR1,0.0016369224,0.3870967741935484,0.0016101141,True,2048
91,glutamatergic neuron,TCF4,0.0011444688,0.7419354838709677,0.0018986205,True,2048
91,glutamatergic neuron,MEF2C,0.00049990416,0.935483870967742,0.0050035636,True,2048
91,glutamatergic neuron,GRIN2A,0.0026115775,0.1612903225806451,0.0018061002,True,2048
91,glutamatergic neuron,GRIN2B,0.0009818077,0.8387096774193549,0.002129062,True,2048
91,glutamatergic neuron,MAPT,0.002356708,0.3225806451612903,0.0017219723,True,2048
91,glutamatergic neuron,SCN1A,0.0025507808,0.3870967741935484,0.0027543963,True,2048
91,glutamatergic neuron,CAMK2A,0.0022310019,0.3548387096774194,0.0018355529,True,2048
91,glutamatergic neuron,HOMER1,0.0021760464,0.2903225806451613,0.0047733784,True,2048
91,glutamatergic neuron,CREB1,0.0002975464,1.0,0.0053730328,True,2048
91,glutamatergic neuron,SYN1,0.00043159723,0.8387096774193549,0.0014772475,True,2048
92,oligodendrocyte,CADM2,0.0025151968,0.5806451612903226,0.002719603,True,2048
92,oligodendrocyte,NLGN1,0.004618883,0.2258064516129032,0.002798428,True,2048
92,oligodendrocyte,TCF4,0.0028181076,0.5806451612903226,0.0032159348,True,2048
92,oligodendrocyte,APP,0.0012677908,0.8387096774193549,0.0023487012,True,2048
92,oligodendrocyte,MAPT,0.0007414222,1.0,0.0029462378,True,2048
92,oligodendrocyte,CREB1,0.0025434494,0.4838709677419355,0.0023225248,True,2048
92,oligodendrocyte,FMR1,0.002080202,0.6774193548387096,0.0032700638,True,2048
93,oligodendrocyte precursor cell,CADM2,0.0005541444,0.5483870967741935,0.0007756253,True,2048
93,oligodendrocyte precursor cell,NRXN1,0.001249373,0.2580645161290322,0.003793172,True,2048
93,oligodendrocyte precursor cell,NLGN1,0.0012176037,0.3225806451612903,0.00087955594,True,2048
93,oligodendrocyte precursor cell,TCF4,0.0011600852,0.3548387096774194,0.00076992315,True,2048
93,oligodendrocyte precursor cell,APP,0.0012165904,0.4516129032258064,0.0009272019,True,2048
93,oligodendrocyte precursor cell,FOXO3,0.00045770407,0.8709677419354839,0.0009374261,True,2048
93,oligodendrocyte precursor cell,HOMER1,0.00050514936,0.6129032258064516,0.000775667,True,2048
93,oligodendrocyte precursor cell,CREB1,0.0013073087,0.1612903225806451,0.0008410573,True,2048
94,pvalb GABAergic cortical interneuron,CADM2,0.006169498,0.5483870967741935,0.0054390132,True,2048
94,pvalb GABAergic cortical interneuron,NLGN1,0.0071212053,0.1612903225806451,0.0056562424,True,2048
94,pvalb GABAergic cortical interneuron,NEGR1,0.006462753,0.5161290322580645,0.006137665,True,2048
94,pvalb GABAergic cortical interneuron,TCF4,0.0069413185,0.2580645161290322,0.0061755897,True,2048
94,pvalb GABAergic cortical interneuron,MEF2C,0.0067262053,0.2258064516129032,0.00509876,True,2048
94,pvalb GABAergic cortical interneuron,APP,0.0063017607,0.7096774193548387,0.0061540306,True,2048
94,pvalb GABAergic cortical interneuron,GRIN2A,0.0071799755,0.1290322580645161,0.0059450646,True,2048
94,pvalb GABAergic cortical interneuron,GRIN2B,0.006711006,0.2258064516129032,0.005417029,True,2048
94,pvalb GABAergic cortical interneuron,MAPT,0.007244408,0.1612903225806451,0.005686605,True,2048
94,pvalb GABAergic cortical interneuron,SCN1A,0.0070468187,0.1935483870967742,0.0060514035,True,2048
94,pvalb GABAergic cortical interneuron,FMR1,0.0054346323,0.8387096774193549,0.0063295406,True,2048
95,oligodendrocyte,CADM2,0.0010794401,0.2580645161290322,0.0007068634,True,2048
95,oligodendrocyte,NLGN1,0.0010304451,0.3548387096774194,0.000611645,True,2048
95,oligodendrocyte,NEGR1,0.00022685528,0.8709677419354839,0.00066463155,True,2048
95,oligodendrocyte,TCF4,0.0009915829,0.4193548387096774,0.0007458568,True,2048
95,oligodendrocyte,APP,0.0010810494,0.2580645161290322,0.0007773101,True,2048
95,oligodendrocyte,MAPT,0.0009390116,0.4838709677419355,0.0007593731,True,2048
95,oligodendrocyte,FOXO3,0.0016455054,0.032258064516129,0.0005752901,True,2048
95,oligodendrocyte,SHANK3,0.00058174133,0.5161290322580645,0.00069464644,True,2048
95,oligodendrocyte,FMR1,0.00036990643,0.8387096774193549,0.0007934749,True,2048
96,GABAergic interneuron,CADM2,0.049518466,0.1612903225806451,0.023657853,True,2048
96,GABAergic interneuron,NRXN1,0.003660977,0.6129032258064516,0.027479677,True,2048
96,GABAergic interneuron,NLGN1,0.0012314916,0.8064516129032258,0.02357933,True,2048
96,GABAergic interneuron,MEF2C,0.048861325,0.1612903225806451,0.023287596,True,2048
96,GABAergic interneuron,APP,0.04742998,0.1290322580645161,0.01329371,True,2048
96,GABAergic interneuron,GRIN2A,0.002755046,0.5161290322580645,0.017730143,True,2048
96,GABAergic interneuron,GRIN2B,0.04649675,0.3870967741935484,0.02696795,True,2048
96,GABAergic interneuron,SCN1A,0.04571569,0.3225806451612903,0.021761585,True,2048
96,GABAergic interneuron,FOXO3,0.002515912,0.6774193548387096,0.021290762,True,2048
96,GABAergic interneuron,HOMER1,0.00040572882,0.967741935483871,0.020032572,True,2048
96,GABAergic interneuron,CREB1,0.047488213,0.3548387096774194,0.024160061,True,2048
96,GABAergic interneuron,SHANK3,0.0024647713,0.7096774193548387,0.021229664,True,2048
96,GABAergic interneuron,SYN1,0.031032741,0.4193548387096774,0.021346008,True,2048
97,glutamatergic neuron,CADM2,0.002778411,0.2258064516129032,0.0017768443,True,2048
97,glutamatergic neuron,NRXN1,0.0031980276,0.2580645161290322,0.002238963,True,2048
97,glutamatergic neuron,NLGN1,0.0029551387,0.2258064516129032,0.0018711309,True,2048
97,glutamatergic neuron,NEGR1,0.0043675303,0.0967741935483871,0.0019259632,True,2048
97,glutamatergic neuron,TCF4,0.0033124685,0.1290322580645161,0.0017777344,True,2048
97,glutamatergic neuron,GRIN2A,0.0028198957,0.3225806451612903,0.0022452534,True,2048
97,glutamatergic neuron,GRIN2B,0.0031191707,0.0967741935483871,0.0015120903,True,2048
97,glutamatergic neuron,MAPT,0.0023572445,0.4193548387096774,0.0018500447,True,2048
97,glutamatergic neuron,CAMK2A,0.0023723245,0.5161290322580645,0.002280742,True,2048
97,glutamatergic neuron,HOMER1,0.0016909242,0.5806451612903226,0.001917692,True,2048
97,glutamatergic neuron,CREB1,0.0017543435,0.6129032258064516,0.0023428877,True,2048
98,oligodendrocyte,CADM2,0.06311613,0.5161290322580645,0.037924122,True,2048
98,oligodendrocyte,APP,0.06635594,0.064516129032258,0.033328827,True,2048
98,oligodendrocyte,GRIN2A,0.002774179,0.7741935483870968,0.04218677,True,2048
98,oligodendrocyte,MAPT,0.06448549,0.4193548387096774,0.042098902,True,2048
98,oligodendrocyte,FOXO3,0.0027381182,0.6451612903225806,0.03370789,True,2048
98,oligodendrocyte,SHANK3,0.06461638,0.4193548387096774,0.050134573,True,2048
98,oligodendrocyte,FMR1,0.0028164983,0.7096774193548387,0.039891075,True,2048
99,oligodendrocyte,CADM2,0.0014827251,0.3225806451612903,0.0012773613,True,1962
99,oligodendrocyte,NLGN1,0.0010713935,0.5806451612903226,0.0012764852,True,1962
99,oligodendrocyte,TCF4,0.00062441826,0.8387096774193549,0.0011745174,True,1962
99,oligodendrocyte,APP,0.0011587739,0.5161290322580645,0.0011979024,True,1962
99,oligodendrocyte,COMT,0.00061935186,0.6774193548387096,0.0011159241,True,1962
100,astrocyte,TCF4,0.10912806,0.3225806451612903,0.075217806,True,2048
100,astrocyte,MAPT,0.10765159,0.6129032258064516,0.08148181,True,2048
100,astrocyte,SHANK3,0.11155915,0.064516129032258,0.063939445,True,2048
101,GABAergic interneuron,CADM2,0.0018230677,0.032258064516129,0.0008154392,True,2048
101,GABAergic interneuron,NRXN1,0.0006031394,0.3870967741935484,0.00060267054,True,2048
101,GABAergic interneuron,NLGN1,0.0009622574,0.2258064516129032,0.0006954968,True,2048
101,GABAergic interneuron,TCF4,0.001455009,0.1612903225806451,0.0007853826,True,2048
101,GABAergic interneuron,GRIN2A,0.0017862916,0.032258064516129,0.0008696278,True,2048
101,GABAergic interneuron,GRIN2B,0.00070124865,0.5161290322580645,0.0008440375,True,2048
101,GABAergic interneuron,MAPT,0.0010818839,0.2580645161290322,0.00079443253,True,2048
101,GABAergic interneuron,CAMK2A,0.00063610077,0.5806451612903226,0.00070799195,True,2048
101,GABAergic interneuron,CREB1,0.00085651875,0.3548387096774194,0.0008300404,True,2048
102,oligodendrocyte,CADM2,0.0022323728,0.064516129032258,0.0009310901,True,1862
102,oligodendrocyte,NRXN1,3.0517578e-05,1.0,0.0010536552,True,1862
102,oligodendrocyte,NLGN1,0.0010810494,0.4193548387096774,0.0010516525,True,1862
102,oligodendrocyte,TCF4,0.00079476833,0.6129032258064516,0.0010975301,True,1862
102,oligodendrocyte,APP,0.0014762282,0.1612903225806451,0.00088763435,True,1862
102,oligodendrocyte,MAPT,0.0012383461,0.1935483870967742,0.00077271066,True,1862
102,oligodendrocyte,DISC1,0.0005906224,0.6451612903225806,0.0008669138,True,1862
102,oligodendrocyte,SYN1,0.0006789565,0.6129032258064516,0.0009462734,True,1862
103,oligodendrocyte,CADM2,0.0007275343,0.7741935483870968,0.0019646348,True,1438
103,oligodendrocyte,NLGN1,0.00053179264,0.8387096774193549,0.001195534,True,1438
103,oligodendrocyte,NEGR1,4.5835972e-05,0.967741935483871,0.0015581012,True,1438
103,oligodendrocyte,TCF4,0.0007865429,0.8709677419354839,0.0013191045,True,1438
103,oligodendrocyte,APP,0.00125736,0.5161290322580645,0.0014170588,True,1438
103,oligodendrocyte,GRIN2A,0.0011124611,0.5161290322580645,0.0012116472,True,1438
103,oligodendrocyte,MAPT,0.00026363134,0.935483870967742,0.0013012985,True,1438
103,oligodendrocyte,FOXO3,0.0009737015,0.7741935483870968,0.0014754911,True,1438
104,glutamatergic neuron,CADM2,0.004020214,0.8387096774193549,0.0089388965,True,2048
104,glutamatergic neuron,NRXN1,0.009744704,0.3548387096774194,0.008344096,True,2048
104,glutamatergic neuron,NEGR1,0.011891007,0.2580645161290322,0.008977115,True,2048
104,glutamatergic neuron,TCF4,0.011707604,0.0967741935483871,0.0077691614,True,2048
104,glutamatergic neuron,MEF2C,0.012748957,0.032258064516129,0.00825853,True,2048
104,glutamatergic neuron,APP,0.010987222,0.2580645161290322,0.009030459,True,2048
104,glutamatergic neuron,GRIN2A,0.0056379437,0.7741935483870968,0.008831857,True,2048
104,glutamatergic neuron,GRIN2B,0.008551776,0.5161290322580645,0.00823066,True,2048
104,glutamatergic neuron,MAPT,0.004519701,0.7741935483870968,0.008268216,True,2048
104,glutamatergic neuron,SCN1A,0.0042715073,0.8387096774193549,0.008317721,True,2048
104,glutamatergic neuron,FOXO3,0.010730922,0.3548387096774194,0.010145729,True,2048
104,glutamatergic neuron,CAMK2A,0.012992203,0.1935483870967742,0.008232606,True,2048
104,glutamatergic neuron,HOMER1,0.007190466,0.8064516129032258,0.009074639,True,2048
104,glutamatergic neuron,SHANK3,0.040994942,0.032258064516129,0.00864531,True,2048
105,oligodendrocyte,CADM2,0.0625419,0.6451612903225806,0.091064386,True,2048
105,oligodendrocyte,NLGN1,0.11216092,0.4838709677419355,0.09282012,True,2048
105,oligodendrocyte,TCF4,0.11827481,0.4193548387096774,0.09393074,True,2048
105,oligodendrocyte,APP,0.064254045,0.7419354838709677,0.08917723,True,2048
105,oligodendrocyte,FOXO3,0.07011145,0.8387096774193549,0.099665985,True,2048
105,oligodendrocyte,SYN1,0.056067884,0.967741935483871,0.10159513,True,2048
106,oligodendrocyte,CADM2,0.0013806224,0.2903225806451613,0.00091395376,True,1630
106,oligodendrocyte,NRXN1,1.770258e-05,1.0,0.0009438316,True,1630
106,oligodendrocyte,NEGR1,1.5556812e-05,1.0,0.00093919836,True,1630
106,oligodendrocyte,TCF4,0.00058579445,0.7419354838709677,0.00073840417,True,1630
106,oligodendrocyte,APP,3.182888e-05,0.967741935483871,0.00083330076,True,1630
106,oligodendrocyte,MAPT,0.00068438053,0.5483870967741935,0.00091445644,True,1630
106,oligodendrocyte,FOXO3,0.0017541051,0.1290322580645161,0.00090860325,True,1630
107,glutamatergic neuron,CADM2,0.0024900436,0.3870967741935484,0.0016956428,True,2048
107,glutamatergic neuron,NRXN1,0.003469646,0.032258064516129,0.0018960774,True,2048
107,glutamatergic neuron,NLGN1,0.0026391745,0.1935483870967742,0.0013811032,True,2048
107,glutamatergic neuron,NEGR1,0.002640605,0.1290322580645161,0.0013915162,True,2048
107,glutamatergic neuron,TCF4,0.00046008825,0.6451612903225806,0.0013964255,True,2048
107,glutamatergic neuron,MEF2C,0.00326097,0.0967741935483871,0.0013396561,True,2048
107,glutamatergic neuron,GRIN2A,0.0025279522,0.3225806451612903,0.0017066817,True,2048
107,glutamatergic neuron,GRIN2B,0.0029947758,0.0967741935483871,0.001562639,True,2048
107,glutamatergic neuron,MAPT,0.0020846128,0.2258064516129032,0.0011349559,True,2048
107,glutamatergic neuron,SCN1A,0.0021769404,0.4838709677419355,0.0017428875,True,2048
107,glutamatergic neuron,FOXO3,0.0018755794,0.4516129032258064,0.0015557309,True,2048
107,glutamatergic neuron,CAMK2A,0.0027672648,0.1290322580645161,0.0056842268,True,2048
107,glutamatergic neuron,HOMER1,0.002295971,0.3548387096774194,0.0014986297,True,2048
108,oligodendrocyte,CADM2,0.001029551,0.5161290322580645,0.00086849334,True,2048
108,oligodendrocyte,NEGR1,0.00053715706,0.7741935483870968,0.0008563062,True,2048
108,oligodendrocyte,TCF4,0.0006993413,0.5161290322580645,0.00077724655,True,2048
108,oligodendrocyte,APP,0.001460731,0.064516129032258,0.0008020262,True,2048
108,oligodendrocyte,MAPT,0.0010510683,0.1612903225806451,0.00063872535,True,2048
108,oligodendrocyte,CREB1,0.0010755658,0.2258064516129032,0.0008001983,True,2048
109,oligodendrocyte precursor cell,CADM2,0.001475513,0.3548387096774194,0.0014318228,True,2048
109,oligodendrocyte precursor cell,NRXN1,0.0040044785,0.032258064516129,0.0017008523,True,2048
109,oligodendrocyte precursor cell,NLGN1,0.0035236478,0.032258064516129,0.0015184561,True,2048
109,oligodendrocyte precursor cell,TCF4,0.001429975,0.6129032258064516,0.0017880182,True,2048
109,oligodendrocyte precursor cell,APP,0.0015351176,0.3548387096774194,0.0015150587,True,2048
109,oligodendrocyte precursor cell,SCN1A,0.0012750626,0.8387096774193549,0.0017097433,True,2048
109,oligodendrocyte precursor cell,DISC1,0.0025165677,0.1612903225806451,0.0013133684,True,2048
109,oligodendrocyte precursor cell,FOXO3,0.0037626624,0.032258064516129,0.0015550951,True,2048
109,oligodendrocyte precursor cell,SHANK3,0.0031934977,0.064516129032258,0.0016147435,True,2048
109,oligodendrocyte precursor cell,FMR1,0.0013179183,0.8064516129032258,0.0018689911,True,2048
110,glutamatergic neuron,CADM2,0.034080863,0.1290322580645161,0.010272094,True,2048
110,glutamatergic neuron,NRXN1,0.025099874,0.2580645161290322,0.008433291,True,2048
110,glutamatergic neuron,NLGN1,0.025874197,0.1612903225806451,0.00642878,True,2048
110,glutamatergic neuron,NEGR1,0.035936117,0.064516129032258,0.012061494,True,2048
110,glutamatergic neuron,TCF4,0.0024490952,0.3870967741935484,0.011674988,True,2048
110,glutamatergic neuron,MEF2C,0.03641212,0.032258064516129,0.010189567,True,2048
110,glutamatergic neuron,APP,0.0020651817,0.4516129032258064,0.01339097,True,2048
110,glutamatergic neuron,GRIN2A,0.03338164,0.1935483870967742,0.016056525,True,2048
110,glutamatergic neuron,MAPT,0.0316512,0.1612903225806451,0.008007872,True,2048
110,glutamatergic neuron,SCN1A,0.033207774,0.0967741935483871,0.0064666313,True,2048
110,glutamatergic neuron,FOXO3,0.032942176,0.064516129032258,0.009327094,True,2048
110,glutamatergic neuron,CAMK2A,0.0018624067,0.5161290322580645,0.009083571,True,2048
110,glutamatergic neuron,HOMER1,0.03485787,0.032258064516129,0.007954715,True,2048
110,glutamatergic neuron,SYN1,0.0011891127,0.4838709677419355,0.011409821,True,2048
111,pvalb GABAergic cortical interneuron,CADM2,0.065116525,0.5483870967741935,0.053909756,True,2048
111,pvalb GABAergic cortical interneuron,NLGN1,0.06500304,0.7096774193548387,0.059929382,True,2048
111,pvalb GABAergic cortical interneuron,NEGR1,0.035704315,0.6774193548387096,0.0537609,True,2048
111,pvalb GABAergic cortical interneuron,TCF4,0.034469783,0.7741935483870968,0.054673504,True,2048
111,pvalb GABAergic cortical interneuron,MEF2C,0.06614429,0.5483870967741935,0.059567597,True,2048
111,pvalb GABAergic cortical interneuron,APP,0.066369236,0.4516129032258064,0.05744129,True,2048
111,pvalb GABAergic cortical interneuron,GRIN2B,0.064303815,0.7096774193548387,0.055567555,True,2048
111,pvalb GABAergic cortical interneuron,MAPT,0.0673188,0.1612903225806451,0.061464872,True,2048
111,pvalb GABAergic cortical interneuron,SCN1A,0.066658616,0.3548387096774194,0.052473903,True,2048
111,pvalb GABAergic cortical interneuron,FOXO3,0.06615454,0.4193548387096774,0.050710056,True,2048
111,pvalb GABAergic cortical interneuron,HOMER1,0.066675305,0.4516129032258064,0.05751558,True,2048
111,pvalb GABAergic cortical interneuron,CREB1,0.06502825,0.5806451612903226,0.05168879,True,2048
111,pvalb GABAergic cortical interneuron,SHANK3,0.01903826,1.0,0.056261677,True,2048
112,oligodendrocyte precursor cell,CADM2,0.0008368492,0.2580645161290322,0.000636218,True,2048
112,oligodendrocyte precursor cell,NRXN1,0.00072938204,0.3870967741935484,0.0006845653,True,2048
112,oligodendrocyte precursor cell,NLGN1,0.0016012192,0.1935483870967742,0.00088183087,True,2048
112,oligodendrocyte precursor cell,TCF4,0.001026094,0.064516129032258,0.0005050878,True,2048
112,oligodendrocyte precursor cell,APP,0.000744462,0.4193548387096774,0.0006823659,True,2048
112,oligodendrocyte precursor cell,MAPT,0.00043803453,0.7096774193548387,0.000778991,True,2048
112,oligodendrocyte precursor cell,SCN1A,0.0007868409,0.4193548387096774,0.0007452031,True,2048
112,oligodendrocyte precursor cell,DISC1,0.0015882254,0.0967741935483871,0.0006310344,True,2048
112,oligodendrocyte precursor cell,FOXO3,0.0009481907,0.0967741935483871,0.00057369075,True,2048
113,oligodendrocyte precursor cell,CADM2,0.00093489885,0.3548387096774194,0.00096791587,True,2048
113,oligodendrocyte precursor cell,NRXN1,0.0016615391,0.1290322580645161,0.0010587036,True,2048
113,oligodendrocyte precursor cell,NLGN1,0.001865983,0.0967741935483871,0.0011136372,True,2048
113,oligodendrocyte precursor cell,NEGR1,0.0009434223,0.7096774193548387,0.0012615164,True,2048
113,oligodendrocyte precursor cell,TCF4,0.0008702278,0.6129032258064516,0.0009804528,True,2048
113,oligodendrocyte precursor cell,APP,0.0018196702,0.1290322580645161,0.0011139492,True,2048
113,oligodendrocyte precursor cell,GRIN2B,0.0007684231,0.8064516129032258,0.0010818918,True,2048
113,oligodendrocyte precursor cell,MAPT,0.0011495352,0.2580645161290322,0.0009910326,True,2048
113,oligodendrocyte precursor cell,SCN1A,0.0017544031,0.1290322580645161,0.0010063311,True,2048
113,oligodendrocyte precursor cell,DISC1,0.0011278987,0.3548387096774194,0.0010922571,True,2048
113,oligodendrocyte precursor cell,FOXO3,0.0016567707,0.1290322580645161,0.0011190117,True,2048
113,oligodendrocyte precursor cell,HOMER1,0.0010393858,0.2903225806451613,0.0008769115,True,2048
113,oligodendrocyte precursor cell,FMR1,0.0018101335,0.1290322580645161,0.0055241426,True,2048
114,astrocyte,CADM2,0.08515102,0.3225806451612903,0.07858871,True,2048
114,astrocyte,NRXN1,0.070458174,0.967741935483871,0.079458475,True,2048
114,astrocyte,TCF4,5.8233738e-05,0.967741935483871,0.07986126,True,2048
114,astrocyte,CREB1,0.08522493,0.3548387096774194,0.07385905,True,2048
115,oligodendrocyte precursor cell,CADM2,0.0016165972,0.1612903225806451,0.00078718265,True,2048
115,oligodendrocyte precursor cell,NRXN1,0.0006583929,0.6129032258064516,0.0010213475,True,2048
115,oligodendrocyte precursor cell,NLGN1,0.0014775991,0.1935483870967742,0.0008411487,True,2048
115,oligodendrocyte precursor cell,TCF4,0.0012882948,0.2258064516129032,0.00081882277,True,2048
115,oligodendrocyte precursor cell,APP,0.0017118454,0.064516129032258,0.00065761607,True,2048
115,oligodendrocyte precursor cell,MAPT,0.0017653108,0.064516129032258,0.00084558723,True,2048
115,oligodendrocyte precursor cell,SCN1A,0.0012614131,0.4516129032258064,0.0010127107,True,2048
115,oligodendrocyte precursor cell,DISC1,0.00040239096,0.7419354838709677,0.00081946055,True,2048
115,oligodendrocyte precursor cell,FOXO3,0.0002553463,0.9032258064516128,0.00078985293,True,2048
115,oligodendrocyte precursor cell,HOMER1,0.0003553033,0.935483870967742,0.0008601109,True,2048
116,oligodendrocyte,CADM2,0.00062179565,0.7419354838709677,0.0009483377,True,2048
116,oligodendrocyte,APP,0.0010447502,0.4838709677419355,0.0010897199,True,2048
116,oligodendrocyte,FOXO3,0.000823617,0.5161290322580645,0.00092645484,True,2048
116,oligodendrocyte,FMR1,0.00073331594,0.6451612903225806,0.0009911855,True,2048
117,glutamatergic neuron,CADM2,0.029126644,0.064516129032258,0.012650764,True,2048
117,glutamatergic neuron,NRXN1,0.01572144,0.3548387096774194,0.014018017,True,2048
117,glutamatergic neuron,NLGN1,0.022506058,0.2258064516129032,0.009416596,True,2048
117,glutamatergic neuron,NEGR1,0.023511231,0.2580645161290322,0.01248897,True,2048
117,glutamatergic neuron,TCF4,0.009633005,0.5806451612903226,0.016673177,True,2048
117,glutamatergic neuron,MEF2C,0.030580044,0.032258064516129,0.010980257,True,2048
117,glutamatergic neuron,APP,0.0013599992,0.7096774193548387,0.011042909,True,2048
117,glutamatergic neuron,GRIN2A,0.026881516,0.1935483870967742,0.013495268,True,2048
117,glutamatergic neuron,GRIN2B,0.00065505505,0.9032258064516128,0.012153769,True,2048
117,glutamatergic neuron,MAPT,0.016699612,0.4193548387096774,0.0140333,True,2048
117,glutamatergic neuron,SCN1A,0.0054162145,0.7096774193548387,0.014889943,True,2048
117,glutamatergic neuron,FOXO3,0.015923858,0.3870967741935484,0.013988149,True,2048
117,glutamatergic neuron,CAMK2A,0.004508853,0.5483870967741935,0.009444579,True,2048
117,glutamatergic neuron,HOMER1,0.011691928,0.5806451612903226,0.013017609,True,2048
117,glutamatergic neuron,SYN1,0.026162326,0.2903225806451613,0.016972214,True,2048
118,oligodendrocyte,CADM2,0.017808616,0.1935483870967742,0.008727763,True,2048
118,oligodendrocyte,NLGN1,0.017789304,0.1290322580645161,0.005408768,True,2048
118,oligodendrocyte,TCF4,0.017906904,0.0967741935483871,0.008676904,True,2048
118,oligodendrocyte,APP,0.017957568,0.1612903225806451,0.007992124,True,2048
118,oligodendrocyte,HOMER1,0.01887095,0.032258064516129,0.010026041,True,2048
119,oligodendrocyte precursor cell,CADM2,0.0016182661,0.3548387096774194,0.0013625383,True,2048
119,oligodendrocyte precursor cell,NRXN1,0.0014895797,0.7096774193548387,0.0015854995,True,2048
119,oligodendrocyte precursor cell,NLGN1,0.0016310811,0.4193548387096774,0.0015108665,True,2048
119,oligodendrocyte precursor cell,TCF4,0.0015895963,0.4838709677419355,0.0014268537,True,2048
119,oligodendrocyte precursor cell,APP,0.0019487739,0.0967741935483871,0.0012203654,True,2048
119,oligodendrocyte precursor cell,MAPT,0.00079900026,0.6774193548387096,0.0013576687,True,2048
119,oligodendrocyte precursor cell,SCN1A,0.0013286471,0.5806451612903226,0.001310875,True,2048
119,oligodendrocyte precursor cell,DISC1,0.004785359,0.032258064516129,0.00123594,True,2048
119,oligodendrocyte precursor cell,CREB1,0.0018652081,0.0967741935483871,0.0013699352,True,2048
120,oligodendrocyte,CADM2,0.0017740726,0.1612903225806451,0.0011526922,True,2048
120,oligodendrocyte,NLGN1,0.0013305545,0.5483870967741935,0.0012885471,True,2048
120,oligodendrocyte,TCF4,0.0022608638,0.1290322580645161,0.001028349,True,2048
120,oligodendrocyte,APP,0.0014519095,0.3225806451612903,0.0011206627,True,2048
120,oligodendrocyte,MAPT,0.0014500618,0.4516129032258064,0.0012266397,True,2048
120,oligodendrocyte,SHANK3,0.0020879507,0.1612903225806451,0.001244239,True,2048
121,oligodendrocyte,CADM2,0.0012401938,0.1290322580645161,0.0006618559,True,2048
121,oligodendrocyte,NLGN1,0.00044625998,0.5161290322580645,0.00069147744,True,2048
121,oligodendrocyte,TCF4,0.0009635687,0.3870967741935484,0.00082236726,True,2048
121,oligodendrocyte,APP,0.0013618469,0.1290322580645161,0.0008407474,True,2048
121,oligodendrocyte,MAPT,0.0009809732,0.2903225806451613,0.00065840484,True,2048
121,oligodendrocyte,FOXO3,0.00092202425,0.4193548387096774,0.00070633687,True,2048
121,oligodendrocyte,SHANK3,0.001891613,0.032258064516129,0.0005703827,True,2048
122,microglial cell,TCF4,0.00037562847,0.8709677419354839,0.0013419013,True,2048
122,microglial cell,MEF2C,0.0018512607,0.2580645161290322,0.0013536811,True,2048
122,microglial cell,APP,0.00017124414,0.967741935483871,0.0015718341,True,2048
122,microglial cell,DISC1,0.0014709234,0.3548387096774194,0.0012281656,True,2048
122,microglial cell,FOXO3,0.0018055439,0.3870967741935484,0.0019147734,True,2048
122,microglial cell,CREB1,0.00064867735,0.7096774193548387,0.0011280576,True,2048
123,oligodendrocyte,CADM2,0.0007300973,0.935483870967742,0.03949652,True,2012
123,oligodendrocyte,NLGN1,0.047293603,0.3870967741935484,0.028871434,True,2012
123,oligodendrocyte,NEGR1,0.00014233589,1.0,0.043236487,True,2012
123,oligodendrocyte,TCF4,0.047705293,0.5161290322580645,0.034041874,True,2012
123,oligodendrocyte,APP,0.050575316,0.064516129032258,0.03560426,True,2012
123,oligodendrocyte,MAPT,0.047228575,0.5806451612903226,0.041525897,True,2012
123,oligodendrocyte,SCN1A,0.00011950731,0.967741935483871,0.027762182,True,2012
123,oligodendrocyte,DISC1,0.00031495094,0.967741935483871,0.0390064,True,2012
123,oligodendrocyte,CREB1,0.00085538626,0.8387096774193549,0.034140382,True,2012
124,glutamatergic neuron,CADM2,0.0005270839,0.8064516129032258,0.00092049636,True,2048
124,glutamatergic neuron,NRXN1,0.001162529,0.1290322580645161,0.0007847826,True,2048
124,glutamatergic neuron,NLGN1,0.00096046925,0.3870967741935484,0.001033012,True,2048
124,glutamatergic neuron,NEGR1,0.0015026927,0.1290322580645161,0.00087899563,True,2048
124,glutamatergic neuron,TCF4,0.0011048913,0.3225806451612903,0.000944676,True,2048
124,glutamatergic neuron,MEF2C,0.0016883612,0.1290322580645161,0.0009591321,True,2048
124,glutamatergic neuron,APP,0.001175344,0.1935483870967742,0.0008464873,True,2048
124,glutamatergic neuron,GRIN2A,0.0016056299,0.1290322580645161,0.0009078185,True,2048
124,glutamatergic neuron,MAPT,0.000821054,0.5161290322580645,0.0008322656,True,2048
124,glutamatergic neuron,SCN1A,0.00055491924,0.6774193548387096,0.000835071,True,2048
124,glutamatergic neuron,FOXO3,0.0011410713,0.3225806451612903,0.0010408481,True,2048
124,glutamatergic neuron,CAMK2A,0.0015935898,0.032258064516129,0.00081120926,True,2048
124,glutamatergic neuron,HOMER1,0.00060892105,0.7419354838709677,0.0009615878,True,2048
125,oligodendrocyte,CADM2,0.00028687716,1.0,0.0016088247,True,1015
125,oligodendrocyte,NLGN1,7.420778e-05,0.935483870967742,0.0020254017,True,1015
125,oligodendrocyte,MAPT,0.00040608644,0.967741935483871,0.0017330785,True,1015
126,pvalb GABAergic cortical interneuron,NLGN1,0.001856327,0.2258064516129032,0.00117353,True,2048
126,pvalb GABAergic cortical interneuron,NEGR1,0.140499,0.032258064516129,0.0015051186,True,2048
126,pvalb GABAergic cortical interneuron,TCF4,0.0017883182,0.3870967741935484,0.001470701,True,2048
126,pvalb GABAergic cortical interneuron,MEF2C,0.002657175,0.032258064516129,0.0013432602,True,2048
126,pvalb GABAergic cortical interneuron,APP,0.0012423992,0.5806451612903226,0.0017500838,True,2048
126,pvalb GABAergic cortical interneuron,GRIN2A,0.0022397041,0.0967741935483871,0.0012878537,True,2048
126,pvalb GABAergic cortical interneuron,GRIN2B,0.002395928,0.064516129032258,0.0012330135,True,2048
126,pvalb GABAergic cortical interneuron,MAPT,0.00046372414,0.8064516129032258,0.0016790072,True,2048
126,pvalb GABAergic cortical interneuron,SCN1A,0.0020803213,0.064516129032258,0.0010929803,True,2048
126,pvalb GABAergic cortical interneuron,HOMER1,0.0016316772,0.4193548387096774,0.0013723095,True,2048
126,pvalb GABAergic cortical interneuron,SYN1,0.0003992319,0.9032258064516128,0.0013070882,True,2048
127,glutamatergic neuron,CADM2,0.0008919239,0.5806451612903226,0.00087294576,True,2048
127,glutamatergic neuron,NRXN1,0.0012091994,0.1290322580645161,0.00075267156,True,2048
127,glutamatergic neuron,NLGN1,0.0005273223,0.7741935483870968,0.00083714724,True,2048
127,glutamatergic neuron,NEGR1,0.0011299849,0.1612903225806451,0.0007599135,True,2048
127,glutamatergic neuron,TCF4,0.000641346,0.7419354838709677,0.000872761,True,2048
127,glutamatergic neuron,MEF2C,0.0011129975,0.2580645161290322,0.00089087087,True,2048
127,glutamatergic neuron,APP,0.0005529523,0.6129032258064516,0.0007373889,True,2048
127,glutamatergic neuron,GRIN2A,0.0011304021,0.1612903225806451,0.000695465,True,2048
127,glutamatergic neuron,GRIN2B,0.0012040734,0.0967741935483871,0.00073468883,True,2048
127,glutamatergic neuron,MAPT,0.0007932186,0.5806451612903226,0.0010884821,True,2048
127,glutamatergic neuron,FOXO3,0.0012462139,0.1612903225806451,0.00079503853,True,2048
127,glutamatergic neuron,CAMK2A,0.0011780858,0.1612903225806451,0.0008539796,True,2048
127,glutamatergic neuron,HOMER1,0.0011842847,0.064516129032258,0.00070851046,True,2048
127,glutamatergic neuron,SHANK3,0.00093603134,0.3225806451612903,0.00070154073,True,2048
128,oligodendrocyte,CADM2,0.0032148957,0.1290322580645161,0.0011751334,True,2048
128,oligodendrocyte,NLGN1,0.0010969043,0.3870967741935484,0.0009193977,True,2048
128,oligodendrocyte,TCF4,0.00036603212,0.7096774193548387,0.0008246561,True,2048
128,oligodendrocyte,APP,0.0014659166,0.1935483870967742,0.0011176129,True,2048
128,oligodendrocyte,MAPT,0.0012814999,0.4193548387096774,0.0011576931,True,2048
129,oligodendrocyte,CADM2,0.0014597178,0.1290322580645161,0.00076773565,True,1462
129,oligodendrocyte,NLGN1,0.00093871355,0.4516129032258064,0.0008880933,True,1462
129,oligodendrocyte,TCF4,0.00044125319,0.7096774193548387,0.0015749633,True,1462
129,oligodendrocyte,APP,0.00037950277,0.7096774193548387,0.0006559213,True,1462
129,oligodendrocyte,MAPT,0.0007174015,0.4516129032258064,0.0049413126,True,1462
129,oligodendrocyte,DISC1,8.016825e-05,0.935483870967742,0.00072497723,True,1462
129,oligodendrocyte,CREB1,0.0004962683,0.6129032258064516,0.0015198946,True,1462
130,GABAergic interneuron,CADM2,0.0052917004,0.6451612903225806,0.007562375,True,2048
130,GABAergic interneuron,NLGN1,0.005245924,0.4838709677419355,0.0052559893,True,2048
130,GABAergic interneuron,NEGR1,0.047228754,0.032258064516129,0.005132363,True,2048
130,GABAergic interneuron,TCF4,0.006850362,0.5161290322580645,0.0070219873,True,2048
130,GABAergic interneuron,MEF2C,0.078086674,0.032258064516129,0.009140442,True,2048
130,GABAergic interneuron,APP,0.0057738423,0.6451612903225806,0.00807057,True,2048
130,GABAergic interneuron,GRIN2A,0.0059593916,0.4838709677419355,0.0048410376,True,2048
130,GABAergic interneuron,GRIN2B,0.019231379,0.064516129032258,0.0066842893,True,2048
130,GABAergic interneuron,MAPT,0.0004503131,0.935483870967742,0.0054500997,True,2048
130,GABAergic interneuron,CAMK2A,0.0013489127,0.6774193548387096,0.005668221,True,2048
130,GABAergic interneuron,CREB1,0.0008842349,0.7741935483870968,0.0053048334,True,2048
131,pvalb GABAergic cortical interneuron,CADM2,0.0004557371,0.967741935483871,0.0017304023,True,2048
131,pvalb GABAergic cortical interneuron,NRXN1,0.0023691654,0.2580645161290322,0.0016691904,True,2048
131,pvalb GABAergic cortical interneuron,NLGN1,0.0021448731,0.2903225806451613,0.0014872391,True,2048
131,pvalb GABAergic cortical interneuron,TCF4,0.0022041202,0.2258064516129032,0.004192863,True,2048
131,pvalb GABAergic cortical interneuron,MEF2C,0.0024205446,0.0967741935483871,0.0014777024,True,2048
131,pvalb GABAergic cortical interneuron,GRIN2A,0.00021445751,0.935483870967742,0.0013509552,True,2048
131,pvalb GABAergic cortical interneuron,GRIN2B,0.0022636056,0.2580645161290322,0.0016968945,True,2048
131,pvalb GABAergic cortical interneuron,MAPT,0.0005463362,0.8064516129032258,0.0012960274,True,2048
131,pvalb GABAergic cortical interneuron,SCN1A,0.00047183037,0.935483870967742,0.0016756555,True,2048
131,pvalb GABAergic cortical interneuron,FOXO3,0.0021913648,0.2903225806451613,0.0014561276,True,2048
131,pvalb GABAergic cortical interneuron,CAMK2A,0.00024580956,0.9032258064516128,0.0014325877,True,2048
132,GABAergic interneuron,CADM2,0.0008889437,0.7741935483870968,0.0023367743,True,2048
132,GABAergic interneuron,NLGN1,0.0003145337,0.967741935483871,0.0025061092,True,2048
132,GABAergic interneuron,NEGR1,0.0021548271,0.5806451612903226,0.002631392,True,2048
132,GABAergic interneuron,TCF4,0.0021585822,0.2903225806451613,0.0016850393,True,2048
132,GABAergic interneuron,MEF2C,0.002011478,0.6451612903225806,0.0025914232,True,2048
132,GABAergic interneuron,GRIN2A,0.0008311868,0.8709677419354839,0.0022715987,True,2048
132,GABAergic interneuron,GRIN2B,0.0013912916,0.6774193548387096,0.0019885818,True,2048
132,GABAergic interneuron,FOXO3,0.002871871,0.0967741935483871,0.0016598522,True,2048
132,GABAergic interneuron,HOMER1,0.00089102983,0.967741935483871,0.002825868,True,2048
133,oligodendrocyte,CADM2,0.041283786,0.4193548387096774,0.033362135,True,2048
133,oligodendrocyte,APP,0.04174769,0.3225806451612903,0.03428731,True,2048
133,oligodendrocyte,MAPT,0.04072523,0.6451612903225806,0.037378564,True,2048
133,oligodendrocyte,FOXO3,0.03973162,0.6451612903225806,0.033234064,True,2048
134,oligodendrocyte,CADM2,0.0012380481,0.8387096774193549,0.0014594476,True,2048
134,oligodendrocyte,NLGN1,0.0011749268,0.7419354838709677,0.0016300499,True,2048
134,oligodendrocyte,NEGR1,0.0012644529,0.6451612903225806,0.0011986553,True,2048
134,oligodendrocyte,TCF4,0.001218617,0.8064516129032258,0.0014320632,True,2048
134,oligodendrocyte,APP,0.0011612773,0.7741935483870968,0.0013075907,True,2048
134,oligodendrocyte,MAPT,0.0012168288,0.7096774193548387,0.0013633947,True,2048
134,oligodendrocyte,FOXO3,0.00039732456,0.935483870967742,0.0014886002,True,2048
135,glutamatergic neuron,CADM2,0.0025613904,0.1935483870967742,0.001680404,True,2048
135,glutamatergic neuron,NRXN1,0.0025470257,0.1935483870967742,0.0015247524,True,2048
135,glutamatergic neuron,NLGN1,0.00037056208,0.935483870967742,0.0018149178,True,2048
135,glutamatergic neuron,NEGR1,0.0027246475,0.1612903225806451,0.0017312726,True,2048
135,glutamatergic neuron,TCF4,0.0028449893,0.032258064516129,0.0017566622,True,2048
135,glutamatergic neuron,MEF2C,0.002726853,0.064516129032258,0.0017416874,True,2048
135,glutamatergic neuron,APP,0.00016623735,0.9032258064516128,0.0014406462,True,2048
135,glutamatergic neuron,GRIN2A,0.0025647879,0.3548387096774194,0.0018755079,True,2048
135,glutamatergic neuron,MAPT,0.00279361,0.064516129032258,0.0014968972,True,2048
135,glutamatergic neuron,SCN1A,0.0026599169,0.0967741935483871,0.0016084493,True,2048
135,glutamatergic neuron,CAMK2A,0.0022272468,0.2258064516129032,0.0014936308,True,2048
135,glutamatergic neuron,HOMER1,0.0030416846,0.032258064516129,0.0014839749,True,2048
135,glutamatergic neuron,CREB1,0.00041550398,0.7419354838709677,0.0015740513,True,2048
136,oligodendrocyte,CADM2,0.0019678473,0.4838709677419355,0.0018155575,True,1978
136,oligodendrocyte,NRXN1,5.185604e-05,1.0,0.0018631895,True,1978
136,oligodendrocyte,NLGN1,5.9187412e-05,0.935483870967742,0.0030493836,True,1978
136,oligodendrocyte,TCF4,0.00078076124,0.6451612903225806,0.0015886029,True,1978
136,oligodendrocyte,APP,0.0016168356,0.5483870967741935,0.0063051265,True,1978
136,oligodendrocyte,GRIN2A,6.66976e-05,1.0,0.002077349,True,1978
136,oligodendrocyte,MAPT,0.0019099116,0.4516129032258064,0.0017118732,True,1978
136,oligodendrocyte,SYN1,0.004689455,0.032258064516129,0.0018401742,True,1978
137,oligodendrocyte,CADM2,0.00014078617,0.967741935483871,0.004115784,True,2048
137,oligodendrocyte,NLGN1,0.007402599,0.2580645161290322,0.003593731,True,2048
137,oligodendrocyte,TCF4,0.008156657,0.064516129032258,0.0030816079,True,2048
137,oligodendrocyte,APP,0.0074412823,0.3548387096774194,0.005037717,True,2048
137,oligodendrocyte,MAPT,0.008840263,0.032258064516129,0.004713716,True,2048
137,oligodendrocyte,FOXO3,0.007242501,0.2580645161290322,0.005429673,True,2048
137,oligodendrocyte,FMR1,6.937981e-05,1.0,0.0035751006,True,2048
138,glutamatergic neuron,CADM2,0.0023768544,0.064516129032258,0.0011088412,True,2048
138,glutamatergic neuron,NRXN1,0.0003759265,0.9032258064516128,0.0015163283,True,2048
138,glutamatergic neuron,NEGR1,0.0023146272,0.064516129032258,0.0011677106,True,2048
138,glutamatergic neuron,TCF4,0.0024296045,0.0967741935483871,0.0015920878,True,2048
138,glutamatergic neuron,MEF2C,0.0019643307,0.2258064516129032,0.0042866967,True,2048
138,glutamatergic neuron,APP,0.0018683076,0.2580645161290322,0.001085474,True,2048
138,glutamatergic neuron,GRIN2A,0.001843214,0.3548387096774194,0.0011727631,True,2048
138,glutamatergic neuron,GRIN2B,0.0019269586,0.4193548387096774,0.0014191528,True,2048
138,glutamatergic neuron,MAPT,0.0020586252,0.2580645161290322,0.0013867994,True,2048
138,glutamatergic neuron,SCN1A,0.00054353476,0.8387096774193549,0.0012889664,True,2048
138,glutamatergic neuron,FOXO3,0.0008262992,0.6451612903225806,0.0013538937,True,2048
138,glutamatergic neuron,CAMK2A,0.002007544,0.4193548387096774,0.0014113943,True,2048
138,glutamatergic neuron,HOMER1,0.0021246672,0.2258064516129032,0.0012278835,True,2048
138,glutamatergic neuron,BDNF,0.0020890236,0.1290322580645161,0.0045167846,True,2048
139,oligodendrocyte,CADM2,0.0017378926,0.1290322580645161,0.0008406421,True,1811
139,oligodendrocyte,NLGN1,0.0014042258,0.3870967741935484,0.00118197,True,1811
139,oligodendrocyte,TCF4,0.0011671185,0.4193548387096774,0.00090714294,True,1811
139,oligodendrocyte,APP,0.0012441874,0.5806451612903226,0.0011037171,True,1811
139,oligodendrocyte,MAPT,0.0016649365,0.2580645161290322,0.0011444251,True,1811
139,oligodendrocyte,DISC1,0.00013428926,1.0,0.0012250046,True,1811
139,oligodendrocyte,FOXO3,0.00124681,0.4193548387096774,0.0010072946,True,1811
140,pvalb GABAergic cortical interneuron,CADM2,0.0029616356,0.1935483870967742,0.0026863436,True,2048
140,pvalb GABAergic cortical interneuron,NLGN1,0.0027500987,0.4838709677419355,0.0027101536,True,2048
140,pvalb GABAergic cortical interneuron,NEGR1,0.0022882223,0.967741935483871,0.0025925417,True,2048
140,pvalb GABAergic cortical interneuron,TCF4,0.0023525357,0.8064516129032258,0.002772967,True,2048
140,pvalb GABAergic cortical interneuron,MEF2C,0.0027669668,0.4516129032258064,0.002701797,True,2048
140,pvalb GABAergic cortical interneuron,GRIN2A,0.0031676888,0.0967741935483871,0.002890855,True,2048
140,pvalb GABAergic cortical interneuron,GRIN2B,0.0022476912,0.967741935483871,0.002753371,True,2048
140,pvalb GABAergic cortical interneuron,SCN1A,0.0023721457,0.8387096774193549,0.0029427686,True,2048
140,pvalb GABAergic cortical interneuron,HOMER1,0.0025466084,0.7419354838709677,0.004679189,True,2048
140,pvalb GABAergic cortical interneuron,FMR1,0.0030078888,0.1935483870967742,0.0026714285,True,2048
140,pvalb GABAergic cortical interneuron,SYN1,0.002855122,0.4193548387096774,0.0035915514,True,2048
141,oligodendrocyte,CADM2,0.001865387,0.3548387096774194,0.0013137122,True,2048
141,oligodendrocyte,TCF4,0.00060003996,0.5806451612903226,0.0011224727,True,2048
141,oligodendrocyte,APP,0.0016512275,0.3225806451612903,0.0011103352,True,2048
141,oligodendrocyte,MAPT,0.0005824566,0.5161290322580645,0.0008620918,True,2048
141,oligodendrocyte,COMT,0.0007519722,0.7096774193548387,0.0016120771,True,2048
142,glutamatergic neuron,CADM2,0.0005685091,0.935483870967742,0.0022533773,True,2048
142,glutamatergic neuron,NEGR1,0.0038092732,0.1612903225806451,0.0021364987,True,2048
142,glutamatergic neuron,MEF2C,0.0012224317,0.7419354838709677,0.0023537895,True,2048
142,glutamatergic neuron,APP,0.0037732124,0.1935483870967742,0.002229335,True,2048
142,glutamatergic neuron,GRIN2A,0.003421247,0.3225806451612903,0.0027775725,True,2048
142,glutamatergic neuron,GRIN2B,0.0035333037,0.2903225806451613,0.0023719391,True,2048
142,glutamatergic neuron,MAPT,0.004366398,0.0967741935483871,0.00204644,True,2048
142,glutamatergic neuron,CAMK2A,0.0043336153,0.1612903225806451,0.0023566664,True,2048
142,glutamatergic neuron,HOMER1,0.004530072,0.064516129032258,0.002027299,True,2048
142,glutamatergic neuron,SHANK3,0.000110685825,1.0,0.0023937423,True,2048
143,oligodendrocyte,CADM2,0.00021153688,0.935483870967742,0.0012537638,True,1631
143,oligodendrocyte,NLGN1,0.0006046295,0.7419354838709677,0.0018183549,True,1631
143,oligodendrocyte,TCF4,0.0020346642,0.2580645161290322,0.0015437325,True,1631
143,oligodendrocyte,APP,0.00036352873,0.8387096774193549,0.0016574562,True,1631
143,oligodendrocyte,MAPT,0.0013251901,0.6774193548387096,0.0032425225,True,1631
143,oligodendrocyte,CREB1,0.0017184615,0.4516129032258064,0.0012885293,True,1631
144,glutamatergic neuron,CADM2,0.0063435435,0.4193548387096774,0.0064794957,True,2048
144,glutamatergic neuron,NRXN1,0.00568223,0.8709677419354839,0.006141106,True,2048
144,glutamatergic neuron,NLGN1,0.0060124397,0.7419354838709677,0.006259211,True,2048
144,glutamatergic neuron,NEGR1,0.006920457,0.1935483870967742,0.0059135538,True,2048
144,glutamatergic neuron,APP,0.005990863,0.7096774193548387,0.0062518,True,2048
144,glutamatergic neuron,GRIN2A,0.006449282,0.2580645161290322,0.006406067,True,2048
144,glutamatergic neuron,GRIN2B,0.007159114,0.1290322580645161,0.006148066,True,2048
144,glutamatergic neuron,MAPT,0.0069946647,0.1935483870967742,0.0057296297,True,2048
144,glutamatergic neuron,SCN1A,0.007022798,0.2258064516129032,0.0070379735,True,2048
144,glutamatergic neuron,CAMK2A,0.009830058,0.032258064516129,0.0064503592,True,2048
144,glutamatergic neuron,FMR1,0.0060379505,0.7096774193548387,0.0060596387,True,2048
144,glutamatergic neuron,SYN1,0.006465137,0.3870967741935484,0.0063462555,True,2048
145,oligodendrocyte,CADM2,0.08382654,0.6451612903225806,0.08183352,True,2048
145,oligodendrocyte,TCF4,0.0866642,0.1935483870967742,0.08216416,True,2048
145,oligodendrocyte,APP,0.08721101,0.2258064516129032,0.077013575,True,2048
145,oligodendrocyte,FOXO3,0.086838484,0.2580645161290322,0.07961858,True,2048
146,GABAergic interneuron,CADM2,0.0002709031,0.935483870967742,0.00087755325,True,2048
146,GABAergic interneuron,NRXN1,0.0006120205,0.7096774193548387,0.0009277841,True,2048
146,GABAergic interneuron,TCF4,0.0014103055,0.1612903225806451,0.001006635,True,2048
146,GABAergic interneuron,APP,0.0013535619,0.2903225806451613,0.0009310782,True,2048
146,GABAergic interneuron,GRIN2A,0.0005954504,0.6129032258064516,0.0008554856,True,2048
146,GABAergic interneuron,GRIN2B,0.0012245774,0.3225806451612903,0.00090132357,True,2048
146,GABAergic interneuron,MAPT,0.0009379983,0.4838709677419355,0.0008437852,True,2048
146,GABAergic interneuron,SCN1A,0.0013858676,0.2903225806451613,0.0008678238,True,2048
146,GABAergic interneuron,CAMK2A,0.0010156035,0.4516129032258064,0.0009125471,True,2048
146,GABAergic interneuron,CREB1,0.0002874732,0.935483870967742,0.00085974135,True,2048
147,oligodendrocyte,CADM2,0.00087213516,0.3548387096774194,0.0031287293,True,2048
147,oligodendrocyte,NLGN1,0.0003966093,0.9032258064516128,0.0016868989,True,2048
147,oligodendrocyte,NEGR1,0.00038540363,0.7741935483870968,0.00064760644,True,2048
147,oligodendrocyte,TCF4,0.0001360178,1.0,0.0041107237,True,2048
147,oligodendrocyte,APP,0.0009737015,0.3225806451612903,0.005559945,True,2048
147,oligodendrocyte,MAPT,0.00091183186,0.2903225806451613,0.0017612973,True,2048
147,oligodendrocyte,DISC1,0.0006143451,0.5806451612903226,0.0018839797,True,2048
147,oligodendrocyte,FOXO3,0.0005829334,0.7096774193548387,0.0028889894,True,2048
147,oligodendrocyte,COMT,0.00041884184,0.8064516129032258,0.0016637285,True,2048
147,oligodendrocyte,FMR1,0.0008175969,0.4838709677419355,0.0026281616,True,2048
148,pvalb GABAergic cortical interneuron,NRXN1,0.0007611513,0.935483870967742,0.0013264238,True,2048
148,pvalb GABAergic cortical interneuron,NLGN1,0.000965178,0.6129032258064516,0.0012159745,True,2048
148,pvalb GABAergic cortical interneuron,NEGR1,0.0019327402,0.1612903225806451,0.0012127121,True,2048
148,pvalb GABAergic cortical interneuron,TCF4,0.0019426346,0.1290322580645161,0.0011464198,True,2048
148,pvalb GABAergic cortical interneuron,MEF2C,0.0020017028,0.064516129032258,0.0011230826,True,2048
148,pvalb GABAergic cortical interneuron,APP,0.0018283129,0.3225806451612903,0.0013786912,True,2048
148,pvalb GABAergic cortical interneuron,GRIN2A,0.0019835234,0.1612903225806451,0.00128056,True,2048
148,pvalb GABAergic cortical interneuron,GRIN2B,0.001988411,0.064516129032258,0.0012468398,True,2048
148,pvalb GABAergic cortical interneuron,SCN1A,0.0016731024,0.3225806451612903,0.0012135963,True,2048
148,pvalb GABAergic cortical interneuron,CAMK2A,0.0008228421,0.7419354838709677,0.001372381,True,2048
148,pvalb GABAergic cortical interneuron,SHANK3,0.0008305311,0.9032258064516128,0.0013680618,True,2048
148,pvalb GABAergic cortical interneuron,FMR1,0.00095522404,0.5806451612903226,0.0010735353,True,2048
149,oligodendrocyte precursor cell,CADM2,0.02978009,0.6129032258064516,0.02366117,True,2048
149,oligodendrocyte precursor cell,NRXN1,0.03007394,0.3225806451612903,0.017312007,True,2048
149,oligodendrocyte precursor cell,NLGN1,0.029453099,0.4516129032258064,0.020113755,True,2048
149,oligodendrocyte precursor cell,TCF4,0.038221657,0.064516129032258,0.017091354,True,2048
149,oligodendrocyte precursor cell,MAPT,0.030600905,0.3548387096774194,0.02319306,True,2048
149,oligodendrocyte precursor cell,SCN1A,0.029473126,0.5483870967741935,0.022791596,True,2048
149,oligodendrocyte precursor cell,DISC1,0.005134344,0.7419354838709677,0.021707552,True,2048
149,oligodendrocyte precursor cell,SHANK3,0.030256212,0.3548387096774194,0.020972665,True,2048
149,oligodendrocyte precursor cell,FMR1,0.038590014,0.1290322580645161,0.020217698,True,2048
